<?xml version="1.0" encoding="UTF-8"?>
<svg xmlns="http://www.w3.org/2000/svg" xmlns:xlink="http://www.w3.org/1999/xlink" width="346.593pt" height="203.131pt" viewBox="0 0 346.593 203.131">
<defs>
<g>
<g id="glyph-0-0">
<path d="M 1.65625 -3.140625 C 1.828125 -3.21875 2.328125 -3.53125 2.328125 -3.734375 C 2.328125 -3.828125 2.234375 -3.828125 2.15625 -3.828125 C 1.65625 -3.828125 0.265625 -3.21875 0.265625 -1.78125 C 0.265625 -0.75 1.421875 0.3125 3.171875 0.3125 C 5.515625 0.3125 8.21875 -1.3125 8.21875 -3.25 C 8.21875 -4.625 6.78125 -5.28125 5.625 -5.796875 C 4.625 -6.25 3.953125 -6.84375 3.953125 -7.65625 C 3.953125 -7.953125 4.09375 -8.515625 4.53125 -8.90625 C 4.96875 -9.28125 5.765625 -9.328125 5.96875 -9.328125 C 6.125 -9.328125 6.734375 -9.3125 7.34375 -9.03125 C 7.609375 -8.90625 7.984375 -8.734375 7.984375 -8.125 C 7.984375 -7.921875 7.96875 -7.84375 7.9375 -7.6875 C 7.921875 -7.640625 7.90625 -7.59375 7.90625 -7.546875 C 7.90625 -7.4375 7.984375 -7.4375 8.046875 -7.4375 C 8.234375 -7.4375 8.578125 -7.59375 8.859375 -7.828125 C 9.046875 -7.96875 9.203125 -8.15625 9.203125 -8.71875 C 9.203125 -9.421875 8.828125 -9.625 8.453125 -9.796875 C 7.78125 -10.109375 7.109375 -10.109375 6.90625 -10.109375 C 5.03125 -10.109375 2.734375 -8.671875 2.734375 -7.046875 C 2.734375 -5.84375 3.984375 -5.265625 4.671875 -4.96875 C 5.6875 -4.5 7 -3.84375 7 -2.640625 C 7 -1.671875 6.296875 -0.46875 4.109375 -0.46875 C 2.65625 -0.46875 1.484375 -1.421875 1.484375 -2.390625 C 1.484375 -2.65625 1.546875 -2.90625 1.65625 -3.140625 Z M 1.65625 -3.140625 "/>
</g>
<g id="glyph-0-1">
<path d="M 8.890625 -3.265625 C 9.0625 -3.375 9.171875 -3.40625 9.171875 -3.578125 C 9.171875 -3.765625 9.0625 -3.796875 8.890625 -3.90625 L 1.328125 -8.03125 C 1.28125 -8.0625 1.171875 -8.125 1.078125 -8.125 C 0.953125 -8.125 0.78125 -8.03125 0.78125 -7.828125 C 0.78125 -7.671875 0.90625 -7.609375 1.078125 -7.515625 L 8.28125 -3.578125 L 1.078125 0.34375 C 0.90625 0.4375 0.78125 0.5 0.78125 0.65625 C 0.78125 0.953125 1.0625 0.953125 1.15625 0.953125 Z M 13.265625 -3.265625 C 13.4375 -3.375 13.546875 -3.40625 13.546875 -3.578125 C 13.546875 -3.765625 13.4375 -3.796875 13.265625 -3.90625 L 5.703125 -8.03125 C 5.65625 -8.0625 5.546875 -8.125 5.453125 -8.125 C 5.328125 -8.125 5.15625 -8.03125 5.15625 -7.828125 C 5.15625 -7.671875 5.28125 -7.609375 5.453125 -7.515625 L 12.65625 -3.578125 L 5.453125 0.34375 C 5.28125 0.4375 5.15625 0.5 5.15625 0.65625 C 5.15625 0.953125 5.4375 0.953125 5.53125 0.953125 Z M 13.265625 -3.265625 "/>
</g>
<g id="glyph-1-0">
<path d="M 1.140625 -2.1875 C 1.265625 -2.234375 1.609375 -2.453125 1.609375 -2.59375 C 1.609375 -2.65625 1.5625 -2.65625 1.5 -2.65625 C 1.15625 -2.65625 0.171875 -2.234375 0.171875 -1.234375 C 0.171875 -0.515625 0.984375 0.21875 2.203125 0.21875 C 3.828125 0.21875 5.71875 -0.90625 5.71875 -2.265625 C 5.71875 -3.203125 4.71875 -3.671875 3.90625 -4.03125 C 3.203125 -4.34375 2.75 -4.75 2.75 -5.328125 C 2.75 -5.53125 2.84375 -5.921875 3.15625 -6.1875 C 3.453125 -6.453125 4 -6.484375 4.140625 -6.484375 C 4.25 -6.484375 4.671875 -6.46875 5.109375 -6.28125 C 5.296875 -6.1875 5.546875 -6.078125 5.546875 -5.640625 C 5.546875 -5.5 5.546875 -5.453125 5.515625 -5.34375 C 5.5 -5.3125 5.5 -5.28125 5.5 -5.25 C 5.5 -5.171875 5.546875 -5.171875 5.59375 -5.171875 C 5.71875 -5.171875 5.96875 -5.28125 6.15625 -5.4375 C 6.296875 -5.546875 6.40625 -5.671875 6.40625 -6.0625 C 6.40625 -6.546875 6.140625 -6.6875 5.875 -6.8125 C 5.40625 -7.03125 4.9375 -7.03125 4.8125 -7.03125 C 3.5 -7.03125 1.90625 -6.03125 1.90625 -4.890625 C 1.90625 -4.0625 2.765625 -3.65625 3.25 -3.453125 C 3.953125 -3.125 4.859375 -2.671875 4.859375 -1.828125 C 4.859375 -1.171875 4.375 -0.328125 2.859375 -0.328125 C 1.84375 -0.328125 1.03125 -0.984375 1.03125 -1.671875 C 1.03125 -1.84375 1.078125 -2.03125 1.140625 -2.1875 Z M 1.140625 -2.1875 "/>
</g>
<g id="glyph-2-0">
<path d="M 2.546875 2.5 L 2.546875 2.09375 L 1.578125 2.09375 L 1.578125 -7.078125 L 2.546875 -7.078125 L 2.546875 -7.484375 L 1.171875 -7.484375 L 1.171875 2.5 Z M 2.546875 2.5 "/>
</g>
<g id="glyph-2-1">
<path d="M 4.578125 -3.1875 C 4.578125 -3.984375 4.53125 -4.78125 4.1875 -5.515625 C 3.734375 -6.484375 2.90625 -6.640625 2.5 -6.640625 C 1.890625 -6.640625 1.171875 -6.375 0.75 -5.453125 C 0.4375 -4.765625 0.390625 -3.984375 0.390625 -3.1875 C 0.390625 -2.4375 0.421875 -1.546875 0.84375 -0.78125 C 1.265625 0.015625 2 0.21875 2.484375 0.21875 C 3.015625 0.21875 3.78125 0.015625 4.21875 -0.9375 C 4.53125 -1.625 4.578125 -2.40625 4.578125 -3.1875 Z M 2.484375 0 C 2.09375 0 1.5 -0.25 1.328125 -1.203125 C 1.21875 -1.796875 1.21875 -2.71875 1.21875 -3.3125 C 1.21875 -3.953125 1.21875 -4.609375 1.296875 -5.140625 C 1.484375 -6.328125 2.234375 -6.421875 2.484375 -6.421875 C 2.8125 -6.421875 3.46875 -6.234375 3.65625 -5.25 C 3.765625 -4.6875 3.765625 -3.9375 3.765625 -3.3125 C 3.765625 -2.5625 3.765625 -1.890625 3.65625 -1.25 C 3.5 -0.296875 2.9375 0 2.484375 0 Z M 2.484375 0 "/>
</g>
<g id="glyph-2-2">
<path d="M 1.578125 -7.484375 L 0.21875 -7.484375 L 0.21875 -7.078125 L 1.1875 -7.078125 L 1.1875 2.09375 L 0.21875 2.09375 L 0.21875 2.5 L 1.578125 2.5 Z M 1.578125 -7.484375 "/>
</g>
<g id="glyph-2-3">
<path d="M 2.9375 -6.375 C 2.9375 -6.625 2.9375 -6.640625 2.703125 -6.640625 C 2.078125 -6 1.203125 -6 0.890625 -6 L 0.890625 -5.6875 C 1.09375 -5.6875 1.671875 -5.6875 2.1875 -5.953125 L 2.1875 -0.78125 C 2.1875 -0.421875 2.15625 -0.3125 1.265625 -0.3125 L 0.953125 -0.3125 L 0.953125 0 C 1.296875 -0.03125 2.15625 -0.03125 2.5625 -0.03125 C 2.953125 -0.03125 3.828125 -0.03125 4.171875 0 L 4.171875 -0.3125 L 3.859375 -0.3125 C 2.953125 -0.3125 2.9375 -0.421875 2.9375 -0.78125 Z M 2.9375 -6.375 "/>
</g>
<g id="glyph-2-4">
<path d="M 1.265625 -0.765625 L 2.328125 -1.796875 C 3.875 -3.171875 4.46875 -3.703125 4.46875 -4.703125 C 4.46875 -5.84375 3.578125 -6.640625 2.359375 -6.640625 C 1.234375 -6.640625 0.5 -5.71875 0.5 -4.828125 C 0.5 -4.28125 1 -4.28125 1.03125 -4.28125 C 1.203125 -4.28125 1.546875 -4.390625 1.546875 -4.8125 C 1.546875 -5.0625 1.359375 -5.328125 1.015625 -5.328125 C 0.9375 -5.328125 0.921875 -5.328125 0.890625 -5.3125 C 1.109375 -5.96875 1.65625 -6.328125 2.234375 -6.328125 C 3.140625 -6.328125 3.5625 -5.515625 3.5625 -4.703125 C 3.5625 -3.90625 3.078125 -3.125 2.515625 -2.5 L 0.609375 -0.375 C 0.5 -0.265625 0.5 -0.234375 0.5 0 L 4.203125 0 L 4.46875 -1.734375 L 4.234375 -1.734375 C 4.171875 -1.4375 4.109375 -1 4 -0.84375 C 3.9375 -0.765625 3.28125 -0.765625 3.0625 -0.765625 Z M 1.265625 -0.765625 "/>
</g>
<g id="glyph-2-5">
<path d="M 2.890625 -3.515625 C 3.703125 -3.78125 4.28125 -4.46875 4.28125 -5.265625 C 4.28125 -6.078125 3.40625 -6.640625 2.453125 -6.640625 C 1.453125 -6.640625 0.6875 -6.046875 0.6875 -5.28125 C 0.6875 -4.953125 0.90625 -4.765625 1.203125 -4.765625 C 1.5 -4.765625 1.703125 -4.984375 1.703125 -5.28125 C 1.703125 -5.765625 1.234375 -5.765625 1.09375 -5.765625 C 1.390625 -6.265625 2.046875 -6.390625 2.40625 -6.390625 C 2.828125 -6.390625 3.375 -6.171875 3.375 -5.28125 C 3.375 -5.15625 3.34375 -4.578125 3.09375 -4.140625 C 2.796875 -3.65625 2.453125 -3.625 2.203125 -3.625 C 2.125 -3.609375 1.890625 -3.59375 1.8125 -3.59375 C 1.734375 -3.578125 1.671875 -3.5625 1.671875 -3.46875 C 1.671875 -3.359375 1.734375 -3.359375 1.90625 -3.359375 L 2.34375 -3.359375 C 3.15625 -3.359375 3.53125 -2.6875 3.53125 -1.703125 C 3.53125 -0.34375 2.84375 -0.0625 2.40625 -0.0625 C 1.96875 -0.0625 1.21875 -0.234375 0.875 -0.8125 C 1.21875 -0.765625 1.53125 -0.984375 1.53125 -1.359375 C 1.53125 -1.71875 1.265625 -1.921875 0.984375 -1.921875 C 0.734375 -1.921875 0.421875 -1.78125 0.421875 -1.34375 C 0.421875 -0.4375 1.34375 0.21875 2.4375 0.21875 C 3.65625 0.21875 4.5625 -0.6875 4.5625 -1.703125 C 4.5625 -2.515625 3.921875 -3.296875 2.890625 -3.515625 Z M 2.890625 -3.515625 "/>
</g>
<g id="glyph-2-6">
<path d="M 2.9375 -1.640625 L 2.9375 -0.78125 C 2.9375 -0.421875 2.90625 -0.3125 2.171875 -0.3125 L 1.96875 -0.3125 L 1.96875 0 C 2.375 -0.03125 2.890625 -0.03125 3.3125 -0.03125 C 3.734375 -0.03125 4.25 -0.03125 4.671875 0 L 4.671875 -0.3125 L 4.453125 -0.3125 C 3.71875 -0.3125 3.703125 -0.421875 3.703125 -0.78125 L 3.703125 -1.640625 L 4.6875 -1.640625 L 4.6875 -1.953125 L 3.703125 -1.953125 L 3.703125 -6.484375 C 3.703125 -6.6875 3.703125 -6.75 3.53125 -6.75 C 3.453125 -6.75 3.421875 -6.75 3.34375 -6.625 L 0.28125 -1.953125 L 0.28125 -1.640625 Z M 2.984375 -1.953125 L 0.5625 -1.953125 L 2.984375 -5.671875 Z M 2.984375 -1.953125 "/>
</g>
<g id="glyph-2-7">
<path d="M 4.46875 -2 C 4.46875 -3.1875 3.65625 -4.1875 2.578125 -4.1875 C 2.109375 -4.1875 1.671875 -4.03125 1.3125 -3.671875 L 1.3125 -5.625 C 1.515625 -5.5625 1.84375 -5.5 2.15625 -5.5 C 3.390625 -5.5 4.09375 -6.40625 4.09375 -6.53125 C 4.09375 -6.59375 4.0625 -6.640625 3.984375 -6.640625 C 3.984375 -6.640625 3.953125 -6.640625 3.90625 -6.609375 C 3.703125 -6.515625 3.21875 -6.3125 2.546875 -6.3125 C 2.15625 -6.3125 1.6875 -6.390625 1.21875 -6.59375 C 1.140625 -6.625 1.125 -6.625 1.109375 -6.625 C 1 -6.625 1 -6.546875 1 -6.390625 L 1 -3.4375 C 1 -3.265625 1 -3.1875 1.140625 -3.1875 C 1.21875 -3.1875 1.234375 -3.203125 1.28125 -3.265625 C 1.390625 -3.421875 1.75 -3.96875 2.5625 -3.96875 C 3.078125 -3.96875 3.328125 -3.515625 3.40625 -3.328125 C 3.5625 -2.953125 3.59375 -2.578125 3.59375 -2.078125 C 3.59375 -1.71875 3.59375 -1.125 3.34375 -0.703125 C 3.109375 -0.3125 2.734375 -0.0625 2.28125 -0.0625 C 1.5625 -0.0625 0.984375 -0.59375 0.8125 -1.171875 C 0.84375 -1.171875 0.875 -1.15625 0.984375 -1.15625 C 1.3125 -1.15625 1.484375 -1.40625 1.484375 -1.640625 C 1.484375 -1.890625 1.3125 -2.140625 0.984375 -2.140625 C 0.84375 -2.140625 0.5 -2.0625 0.5 -1.609375 C 0.5 -0.75 1.1875 0.21875 2.296875 0.21875 C 3.453125 0.21875 4.46875 -0.734375 4.46875 -2 Z M 4.46875 -2 "/>
</g>
<g id="glyph-2-8">
<path d="M 1.3125 -3.265625 L 1.3125 -3.515625 C 1.3125 -6.03125 2.546875 -6.390625 3.0625 -6.390625 C 3.296875 -6.390625 3.71875 -6.328125 3.9375 -5.984375 C 3.78125 -5.984375 3.390625 -5.984375 3.390625 -5.546875 C 3.390625 -5.234375 3.625 -5.078125 3.84375 -5.078125 C 4 -5.078125 4.3125 -5.171875 4.3125 -5.5625 C 4.3125 -6.15625 3.875 -6.640625 3.046875 -6.640625 C 1.765625 -6.640625 0.421875 -5.359375 0.421875 -3.15625 C 0.421875 -0.484375 1.578125 0.21875 2.5 0.21875 C 3.609375 0.21875 4.5625 -0.71875 4.5625 -2.03125 C 4.5625 -3.296875 3.671875 -4.25 2.5625 -4.25 C 1.890625 -4.25 1.515625 -3.75 1.3125 -3.265625 Z M 2.5 -0.0625 C 1.875 -0.0625 1.578125 -0.65625 1.515625 -0.8125 C 1.328125 -1.28125 1.328125 -2.078125 1.328125 -2.25 C 1.328125 -3.03125 1.65625 -4.03125 2.546875 -4.03125 C 2.71875 -4.03125 3.171875 -4.03125 3.484375 -3.40625 C 3.65625 -3.046875 3.65625 -2.53125 3.65625 -2.046875 C 3.65625 -1.5625 3.65625 -1.0625 3.484375 -0.703125 C 3.1875 -0.109375 2.734375 -0.0625 2.5 -0.0625 Z M 2.5 -0.0625 "/>
</g>
<g id="glyph-2-9">
<path d="M 4.75 -6.078125 C 4.828125 -6.1875 4.828125 -6.203125 4.828125 -6.421875 L 2.40625 -6.421875 C 1.203125 -6.421875 1.171875 -6.546875 1.140625 -6.734375 L 0.890625 -6.734375 L 0.5625 -4.6875 L 0.8125 -4.6875 C 0.84375 -4.84375 0.921875 -5.46875 1.0625 -5.59375 C 1.125 -5.65625 1.90625 -5.65625 2.03125 -5.65625 L 4.09375 -5.65625 C 3.984375 -5.5 3.203125 -4.40625 2.984375 -4.078125 C 2.078125 -2.734375 1.75 -1.34375 1.75 -0.328125 C 1.75 -0.234375 1.75 0.21875 2.21875 0.21875 C 2.671875 0.21875 2.671875 -0.234375 2.671875 -0.328125 L 2.671875 -0.84375 C 2.671875 -1.390625 2.703125 -1.9375 2.78125 -2.46875 C 2.828125 -2.703125 2.953125 -3.5625 3.40625 -4.171875 Z M 4.75 -6.078125 "/>
</g>
<g id="glyph-2-10">
<path d="M 1.625 -4.5625 C 1.171875 -4.859375 1.125 -5.1875 1.125 -5.359375 C 1.125 -5.96875 1.78125 -6.390625 2.484375 -6.390625 C 3.203125 -6.390625 3.84375 -5.875 3.84375 -5.15625 C 3.84375 -4.578125 3.453125 -4.109375 2.859375 -3.765625 Z M 3.078125 -3.609375 C 3.796875 -3.984375 4.28125 -4.5 4.28125 -5.15625 C 4.28125 -6.078125 3.40625 -6.640625 2.5 -6.640625 C 1.5 -6.640625 0.6875 -5.90625 0.6875 -4.96875 C 0.6875 -4.796875 0.703125 -4.34375 1.125 -3.875 C 1.234375 -3.765625 1.609375 -3.515625 1.859375 -3.34375 C 1.28125 -3.046875 0.421875 -2.5 0.421875 -1.5 C 0.421875 -0.453125 1.4375 0.21875 2.484375 0.21875 C 3.609375 0.21875 4.5625 -0.609375 4.5625 -1.671875 C 4.5625 -2.03125 4.453125 -2.484375 4.0625 -2.90625 C 3.875 -3.109375 3.71875 -3.203125 3.078125 -3.609375 Z M 2.078125 -3.1875 L 3.3125 -2.40625 C 3.59375 -2.21875 4.0625 -1.921875 4.0625 -1.3125 C 4.0625 -0.578125 3.3125 -0.0625 2.5 -0.0625 C 1.640625 -0.0625 0.921875 -0.671875 0.921875 -1.5 C 0.921875 -2.078125 1.234375 -2.71875 2.078125 -3.1875 Z M 2.078125 -3.1875 "/>
</g>
<g id="glyph-2-11">
<path d="M 3.65625 -3.171875 L 3.65625 -2.84375 C 3.65625 -0.515625 2.625 -0.0625 2.046875 -0.0625 C 1.875 -0.0625 1.328125 -0.078125 1.0625 -0.421875 C 1.5 -0.421875 1.578125 -0.703125 1.578125 -0.875 C 1.578125 -1.1875 1.34375 -1.328125 1.125 -1.328125 C 0.96875 -1.328125 0.671875 -1.25 0.671875 -0.859375 C 0.671875 -0.1875 1.203125 0.21875 2.046875 0.21875 C 3.34375 0.21875 4.5625 -1.140625 4.5625 -3.28125 C 4.5625 -5.96875 3.40625 -6.640625 2.515625 -6.640625 C 1.96875 -6.640625 1.484375 -6.453125 1.0625 -6.015625 C 0.640625 -5.5625 0.421875 -5.140625 0.421875 -4.390625 C 0.421875 -3.15625 1.296875 -2.171875 2.40625 -2.171875 C 3.015625 -2.171875 3.421875 -2.59375 3.65625 -3.171875 Z M 2.421875 -2.40625 C 2.265625 -2.40625 1.796875 -2.40625 1.5 -3.03125 C 1.3125 -3.40625 1.3125 -3.890625 1.3125 -4.390625 C 1.3125 -4.921875 1.3125 -5.390625 1.53125 -5.765625 C 1.796875 -6.265625 2.171875 -6.390625 2.515625 -6.390625 C 2.984375 -6.390625 3.3125 -6.046875 3.484375 -5.609375 C 3.59375 -5.28125 3.640625 -4.65625 3.640625 -4.203125 C 3.640625 -3.375 3.296875 -2.40625 2.421875 -2.40625 Z M 2.421875 -2.40625 "/>
</g>
<g id="glyph-3-0">
<path d="M 7.875 -2.75 C 8.078125 -2.75 8.296875 -2.75 8.296875 -2.984375 C 8.296875 -3.234375 8.078125 -3.234375 7.875 -3.234375 L 1.40625 -3.234375 C 1.203125 -3.234375 0.984375 -3.234375 0.984375 -2.984375 C 0.984375 -2.75 1.203125 -2.75 1.40625 -2.75 Z M 7.875 -2.75 "/>
</g>
<g id="glyph-4-0">
<path d="M 5.265625 -2.015625 L 5 -2.015625 C 4.953125 -1.8125 4.859375 -1.140625 4.75 -0.953125 C 4.65625 -0.84375 3.984375 -0.84375 3.625 -0.84375 L 1.40625 -0.84375 C 1.734375 -1.125 2.46875 -1.890625 2.765625 -2.171875 C 4.59375 -3.84375 5.265625 -4.46875 5.265625 -5.65625 C 5.265625 -7.03125 4.171875 -7.953125 2.78125 -7.953125 C 1.40625 -7.953125 0.578125 -6.765625 0.578125 -5.734375 C 0.578125 -5.125 1.109375 -5.125 1.140625 -5.125 C 1.40625 -5.125 1.703125 -5.3125 1.703125 -5.6875 C 1.703125 -6.03125 1.484375 -6.25 1.140625 -6.25 C 1.046875 -6.25 1.015625 -6.25 0.984375 -6.234375 C 1.203125 -7.046875 1.859375 -7.609375 2.625 -7.609375 C 3.640625 -7.609375 4.265625 -6.75 4.265625 -5.65625 C 4.265625 -4.640625 3.6875 -3.75 3 -2.984375 L 0.578125 -0.28125 L 0.578125 0 L 4.953125 0 Z M 5.265625 -2.015625 "/>
</g>
<g id="glyph-4-1">
<path d="M 4.3125 -7.78125 C 4.3125 -8.015625 4.3125 -8.0625 4.140625 -8.0625 C 4.046875 -8.0625 4.015625 -8.0625 3.921875 -7.921875 L 0.328125 -2.34375 L 0.328125 -2 L 3.46875 -2 L 3.46875 -0.90625 C 3.46875 -0.46875 3.4375 -0.34375 2.5625 -0.34375 L 2.328125 -0.34375 L 2.328125 0 C 2.609375 -0.03125 3.546875 -0.03125 3.890625 -0.03125 C 4.21875 -0.03125 5.171875 -0.03125 5.453125 0 L 5.453125 -0.34375 L 5.21875 -0.34375 C 4.34375 -0.34375 4.3125 -0.46875 4.3125 -0.90625 L 4.3125 -2 L 5.515625 -2 L 5.515625 -2.34375 L 4.3125 -2.34375 Z M 3.53125 -6.84375 L 3.53125 -2.34375 L 0.625 -2.34375 Z M 3.53125 -6.84375 "/>
</g>
<g id="glyph-4-2">
<path d="M 5.359375 -3.828125 C 5.359375 -4.8125 5.296875 -5.78125 4.859375 -6.6875 C 4.375 -7.6875 3.515625 -7.953125 2.921875 -7.953125 C 2.234375 -7.953125 1.390625 -7.609375 0.9375 -6.609375 C 0.609375 -5.859375 0.484375 -5.109375 0.484375 -3.828125 C 0.484375 -2.671875 0.578125 -1.796875 1 -0.9375 C 1.46875 -0.03125 2.296875 0.25 2.921875 0.25 C 3.953125 0.25 4.546875 -0.375 4.90625 -1.0625 C 5.328125 -1.953125 5.359375 -3.125 5.359375 -3.828125 Z M 2.921875 0.015625 C 2.53125 0.015625 1.75 -0.203125 1.53125 -1.5 C 1.40625 -2.21875 1.40625 -3.125 1.40625 -3.96875 C 1.40625 -4.953125 1.40625 -5.828125 1.59375 -6.53125 C 1.796875 -7.34375 2.40625 -7.703125 2.921875 -7.703125 C 3.375 -7.703125 4.0625 -7.4375 4.296875 -6.40625 C 4.453125 -5.71875 4.453125 -4.78125 4.453125 -3.96875 C 4.453125 -3.171875 4.453125 -2.265625 4.3125 -1.53125 C 4.09375 -0.21875 3.328125 0.015625 2.921875 0.015625 Z M 2.921875 0.015625 "/>
</g>
<g id="glyph-4-3">
<path d="M 3.4375 -7.65625 C 3.4375 -7.9375 3.4375 -7.953125 3.203125 -7.953125 C 2.921875 -7.625 2.3125 -7.1875 1.09375 -7.1875 L 1.09375 -6.84375 C 1.359375 -6.84375 1.953125 -6.84375 2.625 -7.140625 L 2.625 -0.921875 C 2.625 -0.484375 2.578125 -0.34375 1.53125 -0.34375 L 1.15625 -0.34375 L 1.15625 0 C 1.484375 -0.03125 2.640625 -0.03125 3.03125 -0.03125 C 3.4375 -0.03125 4.578125 -0.03125 4.90625 0 L 4.90625 -0.34375 L 4.53125 -0.34375 C 3.484375 -0.34375 3.4375 -0.484375 3.4375 -0.921875 Z M 3.4375 -7.65625 "/>
</g>
<g id="glyph-5-0">
<path d="M 5.609375 -5.390625 C 5.328125 -5.390625 5.203125 -5.390625 5 -5.21875 C 4.921875 -5.15625 4.765625 -4.9375 4.765625 -4.703125 C 4.765625 -4.421875 4.984375 -4.25 5.25 -4.25 C 5.59375 -4.25 5.984375 -4.53125 5.984375 -5.109375 C 5.984375 -5.796875 5.328125 -6.328125 4.328125 -6.328125 C 2.453125 -6.328125 0.578125 -4.28125 0.578125 -2.234375 C 0.578125 -0.984375 1.34375 0.140625 2.8125 0.140625 C 4.765625 0.140625 6 -1.375 6 -1.5625 C 6 -1.65625 5.90625 -1.71875 5.859375 -1.71875 C 5.8125 -1.71875 5.796875 -1.703125 5.671875 -1.578125 C 4.75 -0.359375 3.390625 -0.140625 2.84375 -0.140625 C 1.84375 -0.140625 1.53125 -1 1.53125 -1.71875 C 1.53125 -2.21875 1.78125 -3.609375 2.296875 -4.59375 C 2.671875 -5.265625 3.4375 -6.03125 4.34375 -6.03125 C 4.53125 -6.03125 5.328125 -6.015625 5.609375 -5.390625 Z M 5.609375 -5.390625 "/>
</g>
<g id="glyph-5-1">
<path d="M 3.734375 -6.25 C 1.890625 -5.8125 0.578125 -3.90625 0.578125 -2.21875 C 0.578125 -0.6875 1.609375 0.171875 2.75 0.171875 C 4.453125 0.171875 5.59375 -2.15625 5.59375 -4.0625 C 5.59375 -5.34375 4.984375 -6.140625 4.640625 -6.609375 C 4.109375 -7.28125 3.234375 -8.390625 3.234375 -9.078125 C 3.234375 -9.328125 3.421875 -9.75 4.0625 -9.75 C 4.5 -9.75 4.78125 -9.59375 5.203125 -9.359375 C 5.328125 -9.265625 5.671875 -9.078125 5.859375 -9.078125 C 6.15625 -9.078125 6.375 -9.375 6.375 -9.609375 C 6.375 -9.890625 6.15625 -9.921875 5.65625 -10.046875 C 4.984375 -10.1875 4.78125 -10.1875 4.53125 -10.1875 C 4.28125 -10.1875 2.890625 -10.1875 2.890625 -8.71875 C 2.890625 -8.015625 3.234375 -7.203125 3.734375 -6.25 Z M 3.890625 -5.984375 C 4.4375 -4.84375 4.640625 -4.421875 4.640625 -3.484375 C 4.640625 -2.359375 4.046875 -0.109375 2.765625 -0.109375 C 2.203125 -0.109375 1.40625 -0.484375 1.40625 -1.828125 C 1.40625 -2.75 1.9375 -5.46875 3.890625 -5.984375 Z M 3.890625 -5.984375 "/>
</g>
<g id="glyph-6-0">
<path d="M 2.828125 -6.234375 C 2.828125 -6.4375 2.6875 -6.59375 2.46875 -6.59375 C 2.1875 -6.59375 1.921875 -6.328125 1.921875 -6.0625 C 1.921875 -5.875 2.0625 -5.703125 2.296875 -5.703125 C 2.53125 -5.703125 2.828125 -5.9375 2.828125 -6.234375 Z M 2.078125 -2.484375 C 2.1875 -2.765625 2.1875 -2.796875 2.296875 -3.0625 C 2.375 -3.265625 2.421875 -3.40625 2.421875 -3.59375 C 2.421875 -4.03125 2.109375 -4.40625 1.609375 -4.40625 C 0.671875 -4.40625 0.296875 -2.953125 0.296875 -2.875 C 0.296875 -2.765625 0.390625 -2.765625 0.40625 -2.765625 C 0.515625 -2.765625 0.515625 -2.796875 0.5625 -2.953125 C 0.84375 -3.890625 1.234375 -4.1875 1.578125 -4.1875 C 1.65625 -4.1875 1.828125 -4.1875 1.828125 -3.875 C 1.828125 -3.65625 1.75 -3.453125 1.71875 -3.34375 C 1.640625 -3.09375 1.1875 -1.9375 1.03125 -1.5 C 0.921875 -1.25 0.796875 -0.921875 0.796875 -0.703125 C 0.796875 -0.234375 1.140625 0.109375 1.609375 0.109375 C 2.546875 0.109375 2.921875 -1.328125 2.921875 -1.421875 C 2.921875 -1.53125 2.828125 -1.53125 2.796875 -1.53125 C 2.703125 -1.53125 2.703125 -1.5 2.65625 -1.34375 C 2.46875 -0.71875 2.140625 -0.109375 1.640625 -0.109375 C 1.46875 -0.109375 1.390625 -0.203125 1.390625 -0.4375 C 1.390625 -0.6875 1.453125 -0.828125 1.6875 -1.4375 Z M 2.078125 -2.484375 "/>
</g>
<g id="glyph-6-1">
<path d="M 3.953125 -3.78125 C 3.78125 -3.78125 3.65625 -3.78125 3.515625 -3.65625 C 3.34375 -3.5 3.328125 -3.328125 3.328125 -3.265625 C 3.328125 -3.015625 3.515625 -2.90625 3.703125 -2.90625 C 3.984375 -2.90625 4.25 -3.15625 4.25 -3.546875 C 4.25 -4.03125 3.78125 -4.40625 3.078125 -4.40625 C 1.734375 -4.40625 0.40625 -2.984375 0.40625 -1.578125 C 0.40625 -0.671875 0.984375 0.109375 2.03125 0.109375 C 3.453125 0.109375 4.28125 -0.953125 4.28125 -1.0625 C 4.28125 -1.125 4.234375 -1.203125 4.171875 -1.203125 C 4.109375 -1.203125 4.09375 -1.171875 4.03125 -1.09375 C 3.25 -0.109375 2.15625 -0.109375 2.046875 -0.109375 C 1.421875 -0.109375 1.140625 -0.59375 1.140625 -1.203125 C 1.140625 -1.609375 1.34375 -2.578125 1.6875 -3.1875 C 2 -3.765625 2.546875 -4.1875 3.09375 -4.1875 C 3.421875 -4.1875 3.8125 -4.0625 3.953125 -3.78125 Z M 3.953125 -3.78125 "/>
</g>
<g id="glyph-7-0">
<path d="M 2.265625 -4.359375 C 2.265625 -4.46875 2.171875 -4.625 1.984375 -4.625 C 1.796875 -4.625 1.59375 -4.4375 1.59375 -4.234375 C 1.59375 -4.125 1.671875 -3.96875 1.875 -3.96875 C 2.0625 -3.96875 2.265625 -4.171875 2.265625 -4.359375 Z M 0.84375 -0.8125 C 0.8125 -0.71875 0.78125 -0.640625 0.78125 -0.515625 C 0.78125 -0.1875 1.046875 0.0625 1.4375 0.0625 C 2.125 0.0625 2.4375 -0.890625 2.4375 -1 C 2.4375 -1.09375 2.34375 -1.09375 2.328125 -1.09375 C 2.234375 -1.09375 2.21875 -1.046875 2.1875 -0.96875 C 2.03125 -0.40625 1.734375 -0.125 1.453125 -0.125 C 1.3125 -0.125 1.28125 -0.21875 1.28125 -0.375 C 1.28125 -0.53125 1.328125 -0.65625 1.390625 -0.8125 C 1.46875 -1 1.546875 -1.1875 1.609375 -1.375 C 1.671875 -1.546875 1.9375 -2.171875 1.953125 -2.265625 C 1.984375 -2.328125 2 -2.40625 2 -2.484375 C 2 -2.8125 1.71875 -3.078125 1.34375 -3.078125 C 0.640625 -3.078125 0.328125 -2.125 0.328125 -2 C 0.328125 -1.921875 0.421875 -1.921875 0.453125 -1.921875 C 0.546875 -1.921875 0.546875 -1.953125 0.578125 -2.03125 C 0.75 -2.625 1.0625 -2.875 1.3125 -2.875 C 1.421875 -2.875 1.484375 -2.828125 1.484375 -2.640625 C 1.484375 -2.46875 1.453125 -2.375 1.28125 -1.9375 Z M 0.84375 -0.8125 "/>
</g>
<g id="glyph-8-0">
<path d="M 4.390625 -6.03125 C 4.296875 -6.28125 4.15625 -6.28125 4 -6.28125 C 3.84375 -6.28125 3.703125 -6.28125 3.609375 -6.03125 L 1.34375 -0.640625 C 1.28125 -0.5 1.28125 -0.5 1.046875 -0.46875 C 0.890625 -0.453125 0.71875 -0.4375 0.578125 -0.4375 L 0.390625 -0.4375 L 0.390625 0 C 0.890625 -0.015625 1 -0.03125 1.484375 -0.03125 C 1.828125 -0.03125 2.109375 -0.03125 2.671875 0 L 2.671875 -0.4375 C 2.4375 -0.4375 2.125 -0.4375 1.875 -0.53125 L 2.375 -1.71875 L 4.859375 -1.71875 L 5.390625 -0.4375 L 4.546875 -0.4375 L 4.546875 0 C 4.859375 -0.03125 5.765625 -0.03125 6.140625 -0.03125 C 6.515625 -0.03125 7.28125 -0.03125 7.609375 0 L 7.609375 -0.4375 L 6.75 -0.4375 Z M 3.609375 -4.671875 L 4.65625 -2.15625 L 2.5625 -2.15625 Z M 3.609375 -4.671875 "/>
</g>
<g id="glyph-8-1">
<path d="M 1.96875 -6.21875 L 0.375 -6.15625 L 0.375 -5.71875 C 0.90625 -5.71875 0.984375 -5.71875 0.984375 -5.359375 L 0.984375 0 L 1.4375 0 L 1.859375 -0.515625 C 2.140625 -0.21875 2.578125 0.046875 3.21875 0.046875 C 4.625 0.046875 5.53125 -0.796875 5.53125 -1.984375 C 5.53125 -3.203125 4.65625 -4.03125 3.34375 -4.03125 C 2.625 -4.03125 2.140625 -3.734375 1.96875 -3.609375 Z M 2.03125 -3.109375 C 2.25 -3.390625 2.6875 -3.671875 3.234375 -3.671875 C 4.34375 -3.671875 4.34375 -2.59375 4.34375 -2.015625 C 4.34375 -1.625 4.34375 -1.171875 4.15625 -0.84375 C 3.859375 -0.34375 3.3125 -0.3125 3.125 -0.3125 C 2.578125 -0.3125 2.21875 -0.640625 2.03125 -0.9375 Z M 2.03125 -3.109375 "/>
</g>
<g id="glyph-8-2">
<path d="M 2.15625 -5.53125 C 2.15625 -5.984375 1.78125 -6.234375 1.453125 -6.234375 C 1.046875 -6.234375 0.75 -5.890625 0.75 -5.53125 C 0.75 -5.15625 1.046875 -4.828125 1.453125 -4.828125 C 1.796875 -4.828125 2.15625 -5.09375 2.15625 -5.53125 Z M 0.5 -3.96875 L 0.5 -3.53125 C 1.015625 -3.53125 1.078125 -3.53125 1.078125 -3.171875 L 1.078125 -0.4375 L 0.46875 -0.4375 L 0.46875 0 C 1.0625 -0.015625 1.1875 -0.03125 1.5625 -0.03125 C 2 -0.03125 2.109375 -0.015625 2.625 0 L 2.625 -0.4375 L 2.078125 -0.4375 L 2.078125 -4.03125 Z M 0.5 -3.96875 "/>
</g>
<g id="glyph-8-3">
<path d="M 2.078125 -6.21875 L 0.46875 -6.15625 L 0.46875 -5.71875 C 1 -5.71875 1.078125 -5.71875 1.078125 -5.359375 L 1.078125 -0.4375 L 0.46875 -0.4375 L 0.46875 0 C 1.078125 -0.03125 1.1875 -0.03125 1.5625 -0.03125 C 1.96875 -0.03125 2.203125 -0.015625 2.6875 0 L 2.6875 -0.4375 L 2.078125 -0.4375 Z M 2.078125 -6.21875 "/>
</g>
<g id="glyph-8-4">
<path d="M 3.296875 -6.15625 L 3.296875 -5.71875 C 3.84375 -5.71875 3.90625 -5.71875 3.90625 -5.359375 L 3.90625 -3.625 C 3.515625 -3.921875 3.09375 -4.03125 2.65625 -4.03125 C 1.203125 -4.03125 0.34375 -3.140625 0.34375 -1.984375 C 0.34375 -0.796875 1.1875 0.046875 2.5625 0.046875 C 3.125 0.046875 3.5625 -0.15625 3.859375 -0.390625 L 3.859375 0.046875 L 5.515625 0 L 5.515625 -0.4375 C 4.984375 -0.4375 4.90625 -0.4375 4.90625 -0.796875 L 4.90625 -6.21875 Z M 3.859375 -0.984375 C 3.65625 -0.65625 3.234375 -0.3125 2.65625 -0.3125 C 1.546875 -0.3125 1.546875 -1.375 1.546875 -1.96875 C 1.546875 -2.5 1.546875 -2.875 1.78125 -3.203125 C 2.015625 -3.5625 2.453125 -3.671875 2.765625 -3.671875 C 3.203125 -3.671875 3.578125 -3.484375 3.859375 -3.125 Z M 3.859375 -0.984375 "/>
</g>
<g id="glyph-8-5">
<path d="M 3.375 -3.96875 L 3.375 -3.53125 C 3.921875 -3.53125 3.984375 -3.53125 3.984375 -3.171875 L 3.984375 -1.46875 C 3.984375 -0.75 3.53125 -0.3125 2.828125 -0.3125 C 2.140625 -0.3125 2.109375 -0.5 2.109375 -0.984375 L 2.109375 -4.03125 L 0.453125 -3.96875 L 0.453125 -3.53125 C 0.984375 -3.53125 1.0625 -3.53125 1.0625 -3.171875 L 1.0625 -1.109375 C 1.0625 -0.125 1.828125 0.046875 2.703125 0.046875 C 2.984375 0.046875 3.59375 0.046875 4.046875 -0.625 L 4.046875 0.046875 L 5.65625 0 L 5.65625 -0.4375 C 5.109375 -0.4375 5.046875 -0.4375 5.046875 -0.796875 L 5.046875 -4.03125 Z M 3.375 -3.96875 "/>
</g>
<g id="glyph-8-6">
<path d="M 5.046875 -2.734375 C 5.046875 -3.796875 4.390625 -4.03125 3.609375 -4.03125 C 2.515625 -4.03125 2.078125 -3.234375 2.015625 -3.09375 L 2 -3.09375 L 2 -4.03125 L 0.453125 -3.96875 L 0.453125 -3.53125 C 0.984375 -3.53125 1.0625 -3.53125 1.0625 -3.171875 L 1.0625 -0.4375 L 0.453125 -0.4375 L 0.453125 0 C 1.109375 -0.03125 1.21875 -0.03125 1.578125 -0.03125 C 1.953125 -0.03125 2.03125 -0.03125 2.71875 0 L 2.71875 -0.4375 L 2.109375 -0.4375 L 2.109375 -2.28125 C 2.109375 -3.28125 2.9375 -3.671875 3.46875 -3.671875 C 3.8125 -3.671875 3.984375 -3.484375 3.984375 -2.8125 L 3.984375 -0.4375 L 3.375 -0.4375 L 3.375 0 C 4.046875 -0.03125 4.15625 -0.03125 4.515625 -0.03125 C 4.875 -0.03125 4.96875 -0.03125 5.65625 0 L 5.65625 -0.4375 L 5.046875 -0.4375 Z M 5.046875 -2.734375 "/>
</g>
<g id="glyph-8-7">
<path d="M 1.9375 -0.765625 C 1.65625 -0.765625 1.53125 -0.765625 1.375 -0.875 C 1.234375 -1 1.171875 -1.140625 1.171875 -1.328125 C 1.171875 -1.5 1.234375 -1.59375 1.234375 -1.609375 C 1.5625 -1.4375 1.96875 -1.375 2.359375 -1.375 C 3.734375 -1.375 4.203125 -2.109375 4.203125 -2.703125 C 4.203125 -3.0625 4.03125 -3.359375 3.84375 -3.546875 C 4.078125 -3.671875 4.265625 -3.6875 4.375 -3.71875 C 4.375 -3.671875 4.34375 -3.625 4.34375 -3.53125 C 4.34375 -3.296875 4.53125 -3.125 4.75 -3.125 C 4.953125 -3.125 5.15625 -3.28125 5.15625 -3.546875 C 5.15625 -3.78125 4.984375 -4.09375 4.5625 -4.09375 C 4.125 -4.09375 3.75 -3.875 3.578125 -3.75 C 3.203125 -3.96875 2.796875 -4.03125 2.359375 -4.03125 C 0.984375 -4.03125 0.515625 -3.296875 0.515625 -2.703125 C 0.515625 -2.21875 0.828125 -1.890625 0.984375 -1.765625 C 0.796875 -1.546875 0.6875 -1.25 0.6875 -0.984375 C 0.6875 -0.59375 0.875 -0.28125 1.0625 -0.109375 C 0.390625 0.078125 0.296875 0.453125 0.296875 0.65625 C 0.296875 1.1875 0.921875 1.796875 2.640625 1.796875 C 4.21875 1.796875 5 1.3125 5 0.625 C 5 0.3125 4.890625 -0.234375 4.265625 -0.53125 C 3.75 -0.765625 3.28125 -0.765625 2.390625 -0.765625 Z M 2.359375 -1.734375 C 1.546875 -1.734375 1.546875 -2.3125 1.546875 -2.703125 C 1.546875 -3.109375 1.546875 -3.671875 2.359375 -3.671875 C 3.171875 -3.671875 3.171875 -3.109375 3.171875 -2.703125 C 3.171875 -2.3125 3.171875 -1.734375 2.359375 -1.734375 Z M 2.890625 0.125 C 3.171875 0.125 4.203125 0.125 4.203125 0.65625 C 4.203125 0.953125 3.875 1.4375 2.65625 1.4375 C 1.46875 1.4375 1.09375 1 1.09375 0.640625 C 1.09375 0.125 1.671875 0.125 1.796875 0.125 Z M 2.890625 0.125 "/>
</g>
<g id="glyph-8-8">
<path d="M 4.765625 -2.015625 L 4.3125 -2.015625 C 4.296875 -1.890625 4.21875 -1.25 4.078125 -1.1875 C 3.96875 -1.140625 3.296875 -1.140625 3.140625 -1.140625 L 1.859375 -1.140625 C 2.34375 -1.53125 2.875 -1.953125 3.328125 -2.265625 C 4.078125 -2.796875 4.765625 -3.28125 4.765625 -4.15625 C 4.765625 -5.203125 3.8125 -5.890625 2.515625 -5.890625 C 1.40625 -5.890625 0.53125 -5.359375 0.53125 -4.53125 C 0.53125 -4.0625 0.890625 -3.84375 1.203125 -3.84375 C 1.484375 -3.84375 1.859375 -4.046875 1.859375 -4.515625 C 1.859375 -4.71875 1.78125 -5.046875 1.390625 -5.15625 C 1.703125 -5.40625 2.109375 -5.4375 2.28125 -5.4375 C 3.015625 -5.4375 3.484375 -4.890625 3.484375 -4.15625 C 3.484375 -3.5 3.109375 -2.921875 2.625 -2.4375 L 0.625 -0.453125 C 0.53125 -0.359375 0.53125 -0.34375 0.53125 -0.171875 L 0.53125 0 L 4.5 0 Z M 4.765625 -2.015625 "/>
</g>
<g id="glyph-8-9">
<path d="M 2.171875 -3.28125 C 2.171875 -3.6875 1.84375 -3.984375 1.484375 -3.984375 C 1.0625 -3.984375 0.765625 -3.65625 0.765625 -3.28125 C 0.765625 -2.890625 1.078125 -2.578125 1.484375 -2.578125 C 1.859375 -2.578125 2.171875 -2.890625 2.171875 -3.28125 Z M 2.171875 -0.703125 C 2.171875 -1.109375 1.84375 -1.40625 1.484375 -1.40625 C 1.0625 -1.40625 0.765625 -1.078125 0.765625 -0.703125 C 0.765625 -0.296875 1.109375 0 1.46875 0 C 1.890625 0 2.171875 -0.328125 2.171875 -0.703125 Z M 2.171875 -0.703125 "/>
</g>
<g id="glyph-9-0">
<path d="M 0.5625 -5.84375 C 1.25 -5.84375 1.28125 -5.75 1.28125 -5.421875 L 1.28125 -0.703125 C 1.28125 -0.375 1.25 -0.28125 0.5625 -0.28125 L 0.359375 -0.28125 L 0.359375 0 L 3.6875 0 C 5.25 0 6.515625 -1.328125 6.515625 -3.015625 C 6.515625 -4.71875 5.28125 -6.125 3.6875 -6.125 L 0.359375 -6.125 L 0.359375 -5.84375 Z M 2.5 -0.28125 C 2.078125 -0.28125 2.046875 -0.34375 2.046875 -0.640625 L 2.046875 -5.484375 C 2.046875 -5.78125 2.078125 -5.84375 2.5 -5.84375 L 3.453125 -5.84375 C 4.328125 -5.84375 4.859375 -5.390625 5.109375 -5.0625 C 5.5 -4.546875 5.625 -3.90625 5.625 -3.015625 C 5.625 -2.640625 5.625 -1.703125 5.140625 -1.078125 C 4.671875 -0.46875 4.03125 -0.28125 3.46875 -0.28125 Z M 2.5 -0.28125 "/>
</g>
<g id="glyph-9-1">
<path d="M 3.0625 -0.640625 C 3.109375 -0.265625 3.375 0.046875 3.765625 0.046875 C 3.984375 0.046875 4.546875 -0.078125 4.546875 -0.796875 L 4.546875 -1.296875 L 4.296875 -1.296875 L 4.296875 -0.8125 C 4.296875 -0.703125 4.296875 -0.265625 3.96875 -0.265625 C 3.65625 -0.265625 3.65625 -0.6875 3.65625 -0.828125 L 3.65625 -2.40625 C 3.65625 -2.921875 3.65625 -3.21875 3.25 -3.59375 C 2.921875 -3.890625 2.484375 -4.015625 2.03125 -4.015625 C 1.28125 -4.015625 0.65625 -3.640625 0.65625 -3.0625 C 0.65625 -2.796875 0.84375 -2.640625 1.078125 -2.640625 C 1.3125 -2.640625 1.484375 -2.8125 1.484375 -3.046875 C 1.484375 -3.4375 1.09375 -3.484375 1.078125 -3.484375 C 1.328125 -3.71875 1.765625 -3.796875 2.015625 -3.796875 C 2.46875 -3.796875 2.984375 -3.453125 2.984375 -2.65625 L 2.984375 -2.375 C 2.5 -2.34375 1.828125 -2.3125 1.234375 -2.015625 C 0.578125 -1.703125 0.390625 -1.234375 0.390625 -0.875 C 0.390625 -0.140625 1.25 0.09375 1.859375 0.09375 C 2.59375 0.09375 2.9375 -0.390625 3.0625 -0.640625 Z M 2.984375 -1.265625 C 2.984375 -0.390625 2.3125 -0.125 1.921875 -0.125 C 1.5 -0.125 1.109375 -0.4375 1.109375 -0.875 C 1.109375 -1.46875 1.609375 -2.09375 2.984375 -2.15625 Z M 2.984375 -1.265625 "/>
</g>
<g id="glyph-9-2">
<path d="M 3.078125 -3.78125 C 3.078125 -3.9375 3.078125 -4.015625 2.984375 -4.015625 C 2.9375 -4.015625 2.921875 -4.015625 2.796875 -3.90625 C 2.78125 -3.890625 2.703125 -3.8125 2.640625 -3.765625 C 2.375 -3.96875 2.09375 -4.015625 1.78125 -4.015625 C 0.59375 -4.015625 0.3125 -3.359375 0.3125 -2.90625 C 0.3125 -2.625 0.4375 -2.390625 0.640625 -2.1875 C 0.9375 -1.90625 1.28125 -1.84375 1.734375 -1.765625 C 2.203125 -1.671875 2.34375 -1.65625 2.546875 -1.5 C 2.640625 -1.421875 2.859375 -1.25 2.859375 -0.921875 C 2.859375 -0.125 1.953125 -0.125 1.828125 -0.125 C 0.921875 -0.125 0.6875 -0.890625 0.578125 -1.375 C 0.546875 -1.46875 0.53125 -1.515625 0.4375 -1.515625 C 0.3125 -1.515625 0.3125 -1.4375 0.3125 -1.28125 L 0.3125 -0.140625 C 0.3125 0.015625 0.3125 0.09375 0.40625 0.09375 C 0.46875 0.09375 0.46875 0.09375 0.640625 -0.078125 C 0.671875 -0.140625 0.765625 -0.25 0.8125 -0.296875 C 1.1875 0.078125 1.609375 0.09375 1.828125 0.09375 C 2.9375 0.09375 3.3125 -0.546875 3.3125 -1.140625 C 3.3125 -1.546875 3.140625 -1.796875 2.9375 -2 C 2.640625 -2.296875 2.3125 -2.359375 1.65625 -2.484375 C 1.421875 -2.53125 0.765625 -2.640625 0.765625 -3.15625 C 0.765625 -3.4375 0.96875 -3.828125 1.78125 -3.828125 C 2.75 -3.828125 2.8125 -3.078125 2.828125 -2.859375 C 2.84375 -2.75 2.84375 -2.6875 2.953125 -2.6875 C 3.078125 -2.6875 3.078125 -2.75 3.078125 -2.921875 Z M 3.078125 -3.78125 "/>
</g>
<g id="glyph-9-3">
<path d="M 2.03125 -3.75 C 1.3125 -3.921875 1.078125 -4.5 1.078125 -4.890625 C 1.078125 -5.5 1.5625 -6.078125 2.328125 -6.078125 C 3.484375 -6.078125 3.953125 -5.203125 4.078125 -4.3125 C 4.09375 -4.140625 4.109375 -4.09375 4.21875 -4.09375 C 4.34375 -4.09375 4.34375 -4.15625 4.34375 -4.34375 L 4.34375 -6.078125 C 4.34375 -6.25 4.34375 -6.328125 4.234375 -6.328125 C 4.171875 -6.328125 4.15625 -6.3125 4.09375 -6.203125 C 3.984375 -6.046875 4.078125 -6.15625 3.78125 -5.6875 C 3.625 -5.875 3.15625 -6.328125 2.3125 -6.328125 C 1.265625 -6.328125 0.515625 -5.5 0.515625 -4.59375 C 0.515625 -3.890625 0.9375 -3.46875 0.984375 -3.421875 C 1.375 -3.015625 1.546875 -2.984375 2.609375 -2.71875 C 3.34375 -2.5625 3.421875 -2.53125 3.71875 -2.234375 C 3.71875 -2.21875 4.03125 -1.890625 4.03125 -1.359375 C 4.03125 -0.75 3.59375 -0.078125 2.765625 -0.078125 C 2.078125 -0.078125 0.828125 -0.375 0.765625 -1.84375 C 0.75 -1.984375 0.75 -2.03125 0.640625 -2.03125 C 0.515625 -2.03125 0.515625 -1.96875 0.515625 -1.78125 L 0.515625 -0.046875 C 0.515625 0.125 0.515625 0.203125 0.625 0.203125 C 0.6875 0.203125 0.6875 0.1875 0.75 0.078125 C 0.875 -0.078125 0.78125 0.03125 1.078125 -0.4375 C 1.625 0.109375 2.34375 0.203125 2.78125 0.203125 C 3.875 0.203125 4.59375 -0.703125 4.59375 -1.65625 C 4.59375 -2.171875 4.40625 -2.5625 4.203125 -2.828125 C 3.8125 -3.328125 3.40625 -3.421875 2.828125 -3.5625 Z M 2.03125 -3.75 "/>
</g>
<g id="glyph-9-4">
<path d="M 3.546875 -1.5 C 3.546875 -0.703125 3.109375 -0.125 2.453125 -0.125 C 1.71875 -0.125 1.671875 -0.515625 1.671875 -1 L 1.671875 -3.96875 L 0.3125 -3.859375 L 0.3125 -3.59375 C 1 -3.59375 1 -3.5625 1 -2.765625 L 1 -1.421875 C 1 -0.828125 1 -0.453125 1.421875 -0.140625 C 1.671875 0.03125 2.046875 0.09375 2.40625 0.09375 C 2.875 0.09375 3.3125 -0.109375 3.5625 -0.640625 L 3.578125 -0.640625 L 3.578125 0.09375 L 4.90625 0 L 4.90625 -0.28125 C 4.296875 -0.28125 4.21875 -0.34375 4.21875 -0.78125 L 4.21875 -3.96875 L 2.859375 -3.859375 L 2.859375 -3.59375 C 3.46875 -3.59375 3.546875 -3.53125 3.546875 -3.078125 Z M 3.546875 -1.5 "/>
</g>
<g id="glyph-9-5">
<path d="M 1.671875 -2.328125 C 1.671875 -3.296875 2.375 -3.734375 2.90625 -3.734375 C 3.40625 -3.734375 3.5625 -3.390625 3.5625 -2.765625 L 3.5625 -0.6875 C 3.5625 -0.28125 3.46875 -0.28125 2.875 -0.28125 L 2.875 0 C 3.296875 -0.015625 3.46875 -0.03125 3.890625 -0.03125 C 4.328125 -0.03125 4.4375 -0.015625 4.921875 0 L 4.921875 -0.28125 C 4.328125 -0.28125 4.21875 -0.28125 4.21875 -0.6875 L 4.21875 -2.328125 C 4.21875 -3.296875 4.921875 -3.734375 5.46875 -3.734375 C 5.953125 -3.734375 6.109375 -3.390625 6.109375 -2.765625 L 6.109375 -0.6875 C 6.109375 -0.28125 6.015625 -0.28125 5.421875 -0.28125 L 5.421875 0 C 5.84375 -0.015625 6.015625 -0.03125 6.453125 -0.03125 C 6.875 -0.03125 7 -0.015625 7.46875 0 L 7.46875 -0.28125 C 7.015625 -0.28125 6.796875 -0.28125 6.78125 -0.5625 L 6.78125 -2.28125 C 6.78125 -3.0625 6.78125 -3.3125 6.484375 -3.640625 C 6.296875 -3.859375 5.9375 -3.96875 5.53125 -3.96875 C 4.875 -3.96875 4.4375 -3.59375 4.1875 -3.109375 C 4.078125 -3.640625 3.71875 -3.96875 2.96875 -3.96875 C 2.25 -3.96875 1.8125 -3.5 1.625 -3.078125 L 1.609375 -3.078125 L 1.609375 -3.96875 L 0.3125 -3.859375 L 0.3125 -3.59375 C 0.921875 -3.59375 1 -3.53125 1 -3.078125 L 1 -0.6875 C 1 -0.28125 0.90625 -0.28125 0.3125 -0.28125 L 0.3125 0 C 0.734375 -0.015625 0.90625 -0.03125 1.34375 -0.03125 C 1.765625 -0.03125 1.890625 -0.015625 2.359375 0 L 2.359375 -0.28125 C 1.765625 -0.28125 1.671875 -0.28125 1.671875 -0.6875 Z M 1.671875 -2.328125 "/>
</g>
<g id="glyph-9-6">
<path d="M 3.59375 -2.046875 C 3.78125 -2.046875 3.828125 -2.046875 3.828125 -2.25 C 3.828125 -3.171875 3.328125 -4.015625 2.171875 -4.015625 C 1.109375 -4.015625 0.265625 -3.078125 0.265625 -1.96875 C 0.265625 -0.796875 1.203125 0.09375 2.296875 0.09375 C 3.390625 0.09375 3.828125 -0.859375 3.828125 -1.0625 C 3.828125 -1.125 3.78125 -1.1875 3.703125 -1.1875 C 3.609375 -1.1875 3.59375 -1.125 3.578125 -1.078125 C 3.28125 -0.171875 2.46875 -0.15625 2.34375 -0.15625 C 1.90625 -0.15625 1.546875 -0.390625 1.34375 -0.703125 C 1.046875 -1.140625 1.03125 -1.671875 1.03125 -2.046875 Z M 1.046875 -2.265625 C 1.125 -3.65625 1.921875 -3.796875 2.171875 -3.796875 C 2.671875 -3.796875 3.203125 -3.421875 3.21875 -2.265625 Z M 1.046875 -2.265625 "/>
</g>
<g id="glyph-9-7">
<path d="M 1.671875 -2.328125 C 1.671875 -3.28125 2.34375 -3.734375 2.90625 -3.734375 C 3.4375 -3.734375 3.546875 -3.296875 3.546875 -2.765625 L 3.546875 -0.6875 C 3.546875 -0.28125 3.453125 -0.28125 2.859375 -0.28125 L 2.859375 0 C 3.28125 -0.015625 3.453125 -0.03125 3.890625 -0.03125 C 4.3125 -0.03125 4.4375 -0.015625 4.90625 0 L 4.90625 -0.28125 C 4.453125 -0.28125 4.21875 -0.28125 4.21875 -0.5625 L 4.21875 -2.28125 C 4.21875 -3.015625 4.21875 -3.28125 3.96875 -3.59375 C 3.765625 -3.84375 3.421875 -3.96875 2.96875 -3.96875 C 2.140625 -3.96875 1.75 -3.34375 1.625 -3.09375 L 1.609375 -3.09375 L 1.609375 -3.96875 L 0.3125 -3.859375 L 0.3125 -3.59375 C 0.921875 -3.59375 1 -3.53125 1 -3.078125 L 1 -0.6875 C 1 -0.28125 0.90625 -0.28125 0.3125 -0.28125 L 0.3125 0 C 0.734375 -0.015625 0.90625 -0.03125 1.34375 -0.03125 C 1.765625 -0.03125 1.890625 -0.015625 2.359375 0 L 2.359375 -0.28125 C 1.765625 -0.28125 1.671875 -0.28125 1.671875 -0.6875 Z M 1.671875 -2.328125 "/>
</g>
<g id="glyph-9-8">
<path d="M 1.65625 -3.96875 L 0.359375 -3.859375 L 0.359375 -3.59375 C 0.9375 -3.59375 1.015625 -3.53125 1.015625 -3.09375 L 1.015625 -0.6875 C 1.015625 -0.28125 0.921875 -0.28125 0.328125 -0.28125 L 0.328125 0 C 0.71875 -0.015625 0.921875 -0.03125 1.3125 -0.03125 C 1.453125 -0.03125 1.828125 -0.03125 2.265625 0 L 2.265625 -0.28125 C 1.6875 -0.28125 1.65625 -0.328125 1.65625 -0.671875 Z M 1.671875 -5.53125 C 1.671875 -5.796875 1.46875 -6.015625 1.1875 -6.015625 C 0.921875 -6.015625 0.703125 -5.78125 0.703125 -5.53125 C 0.703125 -5.265625 0.921875 -5.046875 1.1875 -5.046875 C 1.46875 -5.046875 1.671875 -5.25 1.671875 -5.53125 Z M 1.671875 -5.53125 "/>
</g>
<g id="glyph-9-9">
<path d="M 1.125 -1.609375 C 1.34375 -1.46875 1.625 -1.328125 2.03125 -1.328125 C 2.890625 -1.328125 3.53125 -1.9375 3.53125 -2.640625 C 3.53125 -3.078125 3.28125 -3.390625 3.171875 -3.515625 C 3.53125 -3.84375 3.953125 -3.84375 4.046875 -3.84375 C 4.015625 -3.8125 3.9375 -3.765625 3.9375 -3.609375 C 3.9375 -3.5 4 -3.34375 4.203125 -3.34375 C 4.328125 -3.34375 4.46875 -3.421875 4.46875 -3.609375 C 4.46875 -3.78125 4.34375 -4.0625 3.984375 -4.0625 C 3.734375 -4.0625 3.328125 -3.96875 3.015625 -3.640625 C 2.765625 -3.84375 2.421875 -3.96875 2.046875 -3.96875 C 1.1875 -3.96875 0.546875 -3.359375 0.546875 -2.640625 C 0.546875 -2.1875 0.8125 -1.859375 0.953125 -1.734375 C 0.9375 -1.71875 0.6875 -1.40625 0.6875 -0.984375 C 0.6875 -0.6875 0.828125 -0.359375 1.078125 -0.203125 C 0.625 -0.046875 0.265625 0.28125 0.265625 0.703125 C 0.265625 1.34375 1.140625 1.84375 2.296875 1.84375 C 3.40625 1.84375 4.34375 1.375 4.34375 0.6875 C 4.34375 0.3125 4.171875 -0.078125 3.84375 -0.296875 C 3.34375 -0.609375 2.8125 -0.609375 1.96875 -0.609375 C 1.78125 -0.609375 1.5 -0.609375 1.421875 -0.625 C 1.171875 -0.6875 1 -0.921875 1 -1.203125 C 1 -1.359375 1.046875 -1.484375 1.125 -1.609375 Z M 2.03125 -1.5625 C 1.234375 -1.5625 1.234375 -2.453125 1.234375 -2.640625 C 1.234375 -2.890625 1.25 -3.1875 1.40625 -3.40625 C 1.546875 -3.59375 1.78125 -3.71875 2.03125 -3.71875 C 2.84375 -3.71875 2.84375 -2.859375 2.84375 -2.640625 C 2.84375 -2.4375 2.84375 -1.5625 2.03125 -1.5625 Z M 2.453125 -0.046875 C 2.734375 -0.046875 3.84375 -0.03125 3.84375 0.6875 C 3.84375 1.203125 3.140625 1.609375 2.3125 1.609375 C 1.421875 1.609375 0.765625 1.1875 0.765625 0.6875 C 0.765625 0.546875 0.859375 -0.046875 1.625 -0.046875 Z M 2.453125 -0.046875 "/>
</g>
<g id="glyph-9-10">
<path d="M 1.65625 -6.21875 L 0.328125 -6.125 L 0.328125 -5.84375 C 0.9375 -5.84375 1.015625 -5.78125 1.015625 -5.34375 L 1.015625 -0.6875 C 1.015625 -0.28125 0.921875 -0.28125 0.328125 -0.28125 L 0.328125 0 C 0.75 -0.015625 0.921875 -0.03125 1.328125 -0.03125 C 1.75 -0.03125 1.90625 -0.015625 2.34375 0 L 2.34375 -0.28125 C 1.75 -0.28125 1.65625 -0.28125 1.65625 -0.6875 Z M 1.65625 -6.21875 "/>
</g>
<g id="glyph-9-11">
<path d="M 3.484375 -1.078125 C 3.484375 -0.921875 3.484375 -0.890625 3.359375 -0.703125 C 3.078125 -0.296875 2.65625 -0.125 2.3125 -0.125 C 1.921875 -0.125 1.5625 -0.34375 1.328125 -0.71875 C 1.09375 -1.109375 1.078125 -1.625 1.078125 -1.921875 C 1.078125 -2.34375 1.125 -2.8125 1.359375 -3.171875 C 1.5625 -3.46875 1.921875 -3.734375 2.40625 -3.734375 C 2.78125 -3.734375 3.140625 -3.546875 3.375 -3.203125 C 3.484375 -3.0625 3.484375 -3.0625 3.484375 -2.890625 Z M 3.515625 -3.4375 C 3.46875 -3.484375 3.0625 -3.96875 2.375 -3.96875 C 1.265625 -3.96875 0.3125 -3.078125 0.3125 -1.921875 C 0.3125 -0.8125 1.203125 0.09375 2.265625 0.09375 C 2.921875 0.09375 3.328125 -0.28125 3.484375 -0.46875 L 3.484375 0.09375 L 4.84375 0 L 4.84375 -0.28125 C 4.234375 -0.28125 4.15625 -0.34375 4.15625 -0.78125 L 4.15625 -6.21875 L 2.828125 -6.125 L 2.828125 -5.84375 C 3.4375 -5.84375 3.515625 -5.78125 3.515625 -5.34375 Z M 3.515625 -3.4375 "/>
</g>
<g id="glyph-9-12">
<path d="M 3.265625 -3.53125 C 3.078125 -3.484375 2.890625 -3.359375 2.890625 -3.109375 C 2.890625 -2.875 3.078125 -2.6875 3.3125 -2.6875 C 3.546875 -2.6875 3.734375 -2.84375 3.734375 -3.125 C 3.734375 -3.671875 3.109375 -4.015625 2.3125 -4.015625 C 1.171875 -4.015625 0.3125 -3.0625 0.3125 -1.9375 C 0.3125 -0.78125 1.234375 0.09375 2.296875 0.09375 C 3.546875 0.09375 3.828125 -0.984375 3.828125 -1.0625 C 3.828125 -1.171875 3.734375 -1.171875 3.703125 -1.171875 C 3.609375 -1.171875 3.609375 -1.15625 3.546875 -1 C 3.34375 -0.390625 2.84375 -0.15625 2.390625 -0.15625 C 1.8125 -0.15625 1.078125 -0.625 1.078125 -1.953125 C 1.078125 -3.34375 1.796875 -3.765625 2.328125 -3.765625 C 2.453125 -3.765625 2.9375 -3.75 3.265625 -3.53125 Z M 3.265625 -3.53125 "/>
</g>
<g id="glyph-9-13">
<path d="M 1.640625 -6.21875 L 0.3125 -6.125 L 0.3125 -5.84375 C 0.921875 -5.84375 1 -5.78125 1 -5.34375 L 1 -0.6875 C 1 -0.28125 0.90625 -0.28125 0.3125 -0.28125 L 0.3125 0 C 0.734375 -0.015625 0.90625 -0.03125 1.34375 -0.03125 C 1.765625 -0.03125 1.890625 -0.015625 2.359375 0 L 2.359375 -0.28125 C 1.765625 -0.28125 1.671875 -0.28125 1.671875 -0.6875 L 1.671875 -2.328125 C 1.671875 -3.28125 2.34375 -3.734375 2.90625 -3.734375 C 3.4375 -3.734375 3.546875 -3.296875 3.546875 -2.765625 L 3.546875 -0.6875 C 3.546875 -0.28125 3.453125 -0.28125 2.859375 -0.28125 L 2.859375 0 C 3.28125 -0.015625 3.453125 -0.03125 3.890625 -0.03125 C 4.3125 -0.03125 4.4375 -0.015625 4.90625 0 L 4.90625 -0.28125 C 4.453125 -0.28125 4.21875 -0.28125 4.21875 -0.5625 L 4.21875 -2.28125 C 4.21875 -3.015625 4.21875 -3.28125 3.96875 -3.59375 C 3.765625 -3.84375 3.421875 -3.96875 2.96875 -3.96875 C 2.375 -3.96875 1.921875 -3.65625 1.65625 -3.140625 L 1.640625 -3.140625 Z M 1.640625 -6.21875 "/>
</g>
<g id="glyph-9-14">
<path d="M 1.59375 -2.046875 C 1.59375 -2.421875 1.6875 -3.734375 2.71875 -3.734375 C 2.703125 -3.71875 2.5625 -3.609375 2.5625 -3.40625 C 2.5625 -3.15625 2.75 -3 2.953125 -3 C 3.140625 -3 3.34375 -3.140625 3.34375 -3.40625 C 3.34375 -3.6875 3.078125 -3.96875 2.671875 -3.96875 C 2.140625 -3.96875 1.765625 -3.59375 1.546875 -3.03125 L 1.546875 -3.96875 L 0.265625 -3.859375 L 0.265625 -3.59375 C 0.875 -3.59375 0.953125 -3.53125 0.953125 -3.078125 L 0.953125 -0.6875 C 0.953125 -0.28125 0.859375 -0.28125 0.265625 -0.28125 L 0.265625 0 C 0.75 -0.015625 0.859375 -0.03125 1.3125 -0.03125 C 1.671875 -0.03125 1.890625 -0.015625 2.453125 0 L 2.453125 -0.28125 L 2.28125 -0.28125 C 1.625 -0.28125 1.59375 -0.375 1.59375 -0.703125 Z M 1.59375 -2.046875 "/>
</g>
<g id="glyph-9-15">
<path d="M 2.921875 -3.59375 L 2.921875 -3.859375 L 1.609375 -3.859375 L 1.609375 -5.515625 L 1.359375 -5.515625 C 1.359375 -4.765625 1.046875 -3.84375 0.171875 -3.8125 L 0.171875 -3.59375 L 0.953125 -3.59375 L 0.953125 -1.109375 C 0.953125 -0.109375 1.671875 0.09375 2.15625 0.09375 C 2.75 0.09375 3.0625 -0.46875 3.0625 -1.109375 L 3.0625 -1.625 L 2.8125 -1.625 L 2.8125 -1.140625 C 2.8125 -0.46875 2.53125 -0.15625 2.21875 -0.15625 C 1.609375 -0.15625 1.609375 -0.9375 1.609375 -1.109375 L 1.609375 -3.59375 Z M 2.921875 -3.59375 "/>
</g>
<g id="glyph-9-16">
<path d="M 4.34375 -1.90625 C 4.34375 -3.078125 3.40625 -4.015625 2.3125 -4.015625 C 1.171875 -4.015625 0.265625 -3.0625 0.265625 -1.90625 C 0.265625 -0.796875 1.1875 0.09375 2.296875 0.09375 C 3.4375 0.09375 4.34375 -0.8125 4.34375 -1.90625 Z M 2.3125 -0.15625 C 1.859375 -0.15625 1.484375 -0.375 1.28125 -0.71875 C 1.046875 -1.109375 1.03125 -1.578125 1.03125 -1.984375 C 1.03125 -2.328125 1.03125 -2.828125 1.25 -3.203125 C 1.53125 -3.65625 1.96875 -3.796875 2.296875 -3.796875 C 2.8125 -3.796875 3.171875 -3.5 3.359375 -3.203125 C 3.5625 -2.828125 3.5625 -2.375 3.5625 -1.984375 C 3.5625 -1.65625 3.5625 -1.140625 3.34375 -0.75 C 3.09375 -0.328125 2.6875 -0.15625 2.3125 -0.15625 Z M 2.3125 -0.15625 "/>
</g>
<g id="glyph-9-17">
<path d="M 5.421875 -5.546875 C 5.140625 -5.828125 4.625 -6.328125 3.71875 -6.328125 C 1.984375 -6.328125 0.515625 -4.875 0.515625 -3.0625 C 0.515625 -1.21875 2 0.203125 3.71875 0.203125 C 5.203125 0.203125 6.140625 -1.03125 6.140625 -2.078125 C 6.140625 -2.171875 6.140625 -2.25 6.015625 -2.25 C 5.890625 -2.25 5.890625 -2.1875 5.890625 -2.109375 C 5.8125 -0.75 4.734375 -0.078125 3.8125 -0.078125 C 3.046875 -0.078125 1.421875 -0.5625 1.421875 -3.0625 C 1.421875 -5.5625 3.0625 -6.046875 3.796875 -6.046875 C 4.6875 -6.046875 5.625 -5.375 5.84375 -3.921875 C 5.859375 -3.796875 5.875 -3.765625 5.984375 -3.765625 C 6.140625 -3.765625 6.140625 -3.796875 6.140625 -3.984375 L 6.140625 -6.09375 C 6.140625 -6.25 6.140625 -6.328125 6.03125 -6.328125 C 5.96875 -6.328125 5.9375 -6.296875 5.890625 -6.21875 Z M 5.421875 -5.546875 "/>
</g>
<g id="glyph-9-18">
<path d="M 1.625 -3.015625 C 1.921875 -3.53125 2.421875 -3.71875 2.796875 -3.71875 C 3.5 -3.71875 4.03125 -2.90625 4.03125 -1.9375 C 4.03125 -0.921875 3.421875 -0.125 2.703125 -0.125 C 2.296875 -0.125 1.953125 -0.359375 1.734375 -0.671875 C 1.625 -0.859375 1.625 -0.875 1.625 -1.046875 Z M 1.625 -0.4375 C 1.859375 -0.203125 2.15625 0.09375 2.75 0.09375 C 3.828125 0.09375 4.8125 -0.765625 4.8125 -1.9375 C 4.8125 -3.0625 3.921875 -3.96875 2.875 -3.96875 C 2.390625 -3.96875 1.9375 -3.765625 1.59375 -3.40625 L 1.59375 -3.96875 L 0.265625 -3.859375 L 0.265625 -3.59375 C 0.90625 -3.59375 0.953125 -3.53125 0.953125 -3.140625 L 0.953125 1.046875 C 0.953125 1.46875 0.859375 1.46875 0.265625 1.46875 L 0.265625 1.734375 C 0.6875 1.71875 0.859375 1.71875 1.296875 1.71875 C 1.71875 1.71875 1.84375 1.71875 2.3125 1.734375 L 2.3125 1.46875 C 1.71875 1.46875 1.625 1.46875 1.625 1.046875 Z M 1.625 -0.4375 "/>
</g>
<g id="glyph-9-19">
<path d="M 3.59375 -3.171875 C 3.171875 -3.890625 2.65625 -3.96875 2.34375 -3.96875 C 1.28125 -3.96875 0.3125 -3.109375 0.3125 -1.921875 C 0.3125 -0.796875 1.21875 0.09375 2.265625 0.09375 C 2.640625 0.09375 3.109375 -0.03125 3.484375 -0.53125 L 3.484375 1.046875 C 3.484375 1.46875 3.390625 1.46875 2.796875 1.46875 L 2.796875 1.734375 C 3.21875 1.71875 3.390625 1.71875 3.828125 1.71875 C 4.25 1.71875 4.375 1.71875 4.84375 1.734375 L 4.84375 1.46875 C 4.25 1.46875 4.15625 1.46875 4.15625 1.046875 L 4.15625 -3.96875 L 3.921875 -3.96875 Z M 3.515625 -1.234375 C 3.515625 -1.078125 3.515625 -1.046875 3.375 -0.796875 C 3.15625 -0.40625 2.78125 -0.125 2.3125 -0.125 C 1.640625 -0.125 1.078125 -0.921875 1.078125 -1.921875 C 1.078125 -2.96875 1.71875 -3.71875 2.40625 -3.71875 C 3.109375 -3.71875 3.515625 -2.96875 3.515625 -2.46875 Z M 3.515625 -1.234375 "/>
</g>
<g id="glyph-9-20">
<path d="M 3.59375 -3.578125 C 3.671875 -3.671875 3.671875 -3.6875 3.671875 -3.734375 C 3.671875 -3.859375 3.59375 -3.859375 3.4375 -3.859375 L 0.484375 -3.859375 L 0.390625 -2.390625 L 0.640625 -2.390625 C 0.6875 -3.3125 0.859375 -3.640625 1.859375 -3.640625 L 2.875 -3.640625 L 0.34375 -0.3125 C 0.265625 -0.203125 0.265625 -0.1875 0.265625 -0.140625 C 0.265625 0 0.34375 0 0.5 0 L 3.546875 0 L 3.703125 -1.703125 L 3.453125 -1.703125 C 3.359375 -0.703125 3.25 -0.25 2.125 -0.25 L 1.078125 -0.25 Z M 3.59375 -3.578125 "/>
</g>
<g id="glyph-9-21">
<path d="M 5.359375 -2.3125 L 5.109375 -2.3125 C 5.015625 -1.40625 4.890625 -0.28125 3.28125 -0.28125 L 2.5 -0.28125 C 2.078125 -0.28125 2.0625 -0.34375 2.0625 -0.640625 L 2.0625 -5.40625 C 2.0625 -5.734375 2.09375 -5.84375 2.921875 -5.84375 L 3.203125 -5.84375 L 3.203125 -6.125 C 2.890625 -6.09375 2.078125 -6.09375 1.71875 -6.09375 C 1.296875 -6.09375 0.75 -6.09375 0.34375 -6.125 L 0.34375 -5.84375 L 0.546875 -5.84375 C 1.234375 -5.84375 1.25 -5.75 1.25 -5.421875 L 1.25 -0.703125 C 1.25 -0.375 1.234375 -0.28125 0.546875 -0.28125 L 0.34375 -0.28125 L 0.34375 0 L 5.109375 0 Z M 5.359375 -2.3125 "/>
</g>
<g id="glyph-9-22">
<path d="M 1.859375 -5.546875 C 1.859375 -5.796875 1.65625 -6.015625 1.40625 -6.015625 C 1.15625 -6.015625 0.953125 -5.796875 0.953125 -5.546875 C 0.953125 -5.296875 1.15625 -5.09375 1.40625 -5.09375 C 1.65625 -5.09375 1.859375 -5.296875 1.859375 -5.546875 Z M 3.65625 -5.546875 C 3.65625 -5.796875 3.4375 -6.015625 3.1875 -6.015625 C 2.9375 -6.015625 2.734375 -5.796875 2.734375 -5.546875 C 2.734375 -5.296875 2.9375 -5.09375 3.1875 -5.09375 C 3.4375 -5.09375 3.65625 -5.296875 3.65625 -5.546875 Z M 3.65625 -5.546875 "/>
</g>
<g id="glyph-9-23">
<path d="M 2.71875 -5.734375 C 2.71875 -5.953125 2.71875 -5.96875 2.5 -5.96875 C 1.9375 -5.40625 1.109375 -5.40625 0.828125 -5.40625 L 0.828125 -5.125 C 1 -5.125 1.546875 -5.125 2.03125 -5.359375 L 2.03125 -0.71875 C 2.03125 -0.390625 2.015625 -0.28125 1.171875 -0.28125 L 0.890625 -0.28125 L 0.890625 0 C 1.203125 -0.03125 2.015625 -0.03125 2.375 -0.03125 C 2.75 -0.03125 3.546875 -0.03125 3.875 0 L 3.875 -0.28125 L 3.59375 -0.28125 C 2.75 -0.28125 2.71875 -0.390625 2.71875 -0.71875 Z M 2.71875 -5.734375 "/>
</g>
<g id="glyph-9-24">
<path d="M 4.25 -2.875 C 4.25 -3.46875 4.21875 -4.25 3.90625 -4.921875 C 3.5 -5.765625 2.828125 -5.96875 2.3125 -5.96875 C 1.765625 -5.96875 1.078125 -5.765625 0.6875 -4.890625 C 0.40625 -4.28125 0.359375 -3.546875 0.359375 -2.875 C 0.359375 -2.28125 0.375 -1.421875 0.765625 -0.703125 C 1.1875 0.046875 1.890625 0.203125 2.296875 0.203125 C 2.875 0.203125 3.546875 -0.046875 3.921875 -0.875 C 4.1875 -1.484375 4.25 -2.15625 4.25 -2.875 Z M 2.3125 -0.03125 C 2.03125 -0.03125 1.390625 -0.15625 1.21875 -1.171875 C 1.125 -1.6875 1.125 -2.46875 1.125 -2.984375 C 1.125 -3.59375 1.125 -4.296875 1.234375 -4.796875 C 1.421875 -5.59375 1.984375 -5.75 2.296875 -5.75 C 2.640625 -5.75 3.203125 -5.5625 3.375 -4.734375 C 3.46875 -4.25 3.46875 -3.546875 3.46875 -2.984375 C 3.46875 -2.421875 3.46875 -1.671875 3.375 -1.140625 C 3.1875 -0.109375 2.53125 -0.03125 2.3125 -0.03125 Z M 2.3125 -0.03125 "/>
</g>
<g id="glyph-9-25">
<path d="M 1.765625 -0.484375 C 1.765625 -0.75 1.546875 -0.96875 1.28125 -0.96875 C 1 -0.96875 0.796875 -0.75 0.796875 -0.484375 C 0.796875 -0.21875 1 0 1.28125 0 C 1.546875 0 1.765625 -0.21875 1.765625 -0.484375 Z M 1.765625 -0.484375 "/>
</g>
<g id="glyph-9-26">
<path d="M 1.921875 -5.40625 C 1.890625 -5.515625 1.890625 -5.5625 1.890625 -5.578125 C 1.890625 -5.84375 2.34375 -5.84375 2.59375 -5.84375 L 2.59375 -6.125 C 2.203125 -6.09375 1.734375 -6.09375 1.328125 -6.09375 C 0.953125 -6.09375 0.8125 -6.109375 0.171875 -6.125 L 0.171875 -5.84375 C 0.828125 -5.84375 0.9375 -5.8125 1.0625 -5.5 L 3.234375 0 C 3.28125 0.140625 3.3125 0.203125 3.453125 0.203125 C 3.59375 0.203125 3.625 0.140625 3.671875 0.015625 L 5.75 -5.25 C 5.9375 -5.71875 6.3125 -5.84375 6.734375 -5.84375 L 6.734375 -6.125 C 6.40625 -6.09375 6.15625 -6.09375 5.84375 -6.09375 C 5.46875 -6.09375 5.28125 -6.109375 4.84375 -6.125 L 4.84375 -5.84375 C 5.28125 -5.84375 5.484375 -5.625 5.484375 -5.40625 C 5.484375 -5.328125 5.46875 -5.3125 5.4375 -5.21875 L 3.71875 -0.875 Z M 1.921875 -5.40625 "/>
</g>
<g id="glyph-9-27">
<path d="M 1.59375 -1.953125 L 1.59375 -6.21875 L 0.265625 -6.125 L 0.265625 -5.84375 C 0.875 -5.84375 0.953125 -5.78125 0.953125 -5.34375 L 0.953125 -0.6875 C 0.953125 -0.28125 0.859375 -0.28125 0.265625 -0.28125 L 0.265625 0 C 0.65625 -0.015625 0.890625 -0.03125 1.265625 -0.03125 C 1.625 -0.03125 1.859375 -0.015625 2.265625 0 L 2.265625 -0.28125 C 1.671875 -0.28125 1.5625 -0.28125 1.5625 -0.6875 L 1.5625 -1.59375 L 2.140625 -2.078125 L 3.015625 -0.90625 C 3.15625 -0.703125 3.234375 -0.59375 3.234375 -0.46875 C 3.234375 -0.390625 3.203125 -0.28125 2.921875 -0.28125 L 2.921875 0 C 3.328125 -0.015625 3.546875 -0.03125 3.890625 -0.03125 C 4.15625 -0.03125 4.4375 -0.03125 4.703125 0 L 4.703125 -0.28125 C 4.40625 -0.28125 4.1875 -0.28125 3.859375 -0.71875 L 2.59375 -2.453125 C 3.46875 -3.203125 3.890625 -3.5625 4.5 -3.59375 L 4.5 -3.859375 C 4.171875 -3.84375 4.15625 -3.84375 3.828125 -3.84375 C 3.5625 -3.84375 3.328125 -3.84375 2.84375 -3.859375 L 2.84375 -3.59375 C 2.984375 -3.578125 3.078125 -3.515625 3.078125 -3.375 C 3.078125 -3.203125 2.9375 -3.078125 2.859375 -3.015625 Z M 1.59375 -1.953125 "/>
</g>
<g id="glyph-9-28">
<path d="M 2.6875 -3.59375 L 2.6875 -3.859375 L 1.625 -3.859375 L 1.625 -4.875 C 1.625 -5.6875 2.0625 -6.09375 2.453125 -6.09375 C 2.53125 -6.09375 2.625 -6.078125 2.71875 -6.046875 C 2.625 -6.015625 2.484375 -5.90625 2.484375 -5.671875 C 2.484375 -5.4375 2.65625 -5.28125 2.875 -5.28125 C 3.125 -5.28125 3.28125 -5.453125 3.28125 -5.6875 C 3.28125 -6.03125 2.9375 -6.328125 2.453125 -6.328125 C 1.75 -6.328125 1.015625 -5.796875 1.015625 -4.890625 L 1.015625 -3.859375 L 0.3125 -3.859375 L 0.3125 -3.59375 L 1.015625 -3.59375 L 1.015625 -0.6875 C 1.015625 -0.28125 0.921875 -0.28125 0.328125 -0.28125 L 0.328125 0 C 0.796875 -0.015625 0.921875 -0.03125 1.375 -0.03125 C 1.734375 -0.03125 1.953125 -0.015625 2.515625 0 L 2.515625 -0.28125 L 2.328125 -0.28125 C 1.671875 -0.28125 1.65625 -0.375 1.65625 -0.703125 L 1.65625 -3.59375 Z M 2.6875 -3.59375 "/>
</g>
<g id="glyph-9-29">
<path d="M 5.71875 -3 C 5.90625 -3.546875 6.28125 -3.578125 6.46875 -3.59375 L 6.46875 -3.859375 C 6.109375 -3.84375 6.09375 -3.84375 5.796875 -3.84375 C 5.453125 -3.84375 5.328125 -3.84375 4.96875 -3.859375 L 4.96875 -3.59375 C 5.359375 -3.578125 5.484375 -3.34375 5.484375 -3.15625 C 5.484375 -3.0625 5.46875 -3.015625 5.4375 -2.953125 L 4.609375 -0.703125 L 3.703125 -3.171875 C 3.65625 -3.28125 3.65625 -3.3125 3.65625 -3.34375 C 3.65625 -3.5625 3.9375 -3.59375 4.171875 -3.59375 L 4.171875 -3.859375 C 3.765625 -3.84375 3.390625 -3.84375 3.25 -3.84375 C 2.96875 -3.84375 2.703125 -3.84375 2.421875 -3.859375 L 2.421875 -3.59375 C 2.703125 -3.59375 2.890625 -3.578125 2.984375 -3.453125 C 3.0625 -3.359375 3.1875 -3 3.1875 -2.96875 C 3.1875 -2.953125 3.140625 -2.859375 3.140625 -2.84375 L 2.40625 -0.828125 L 1.546875 -3.15625 C 1.5 -3.296875 1.5 -3.3125 1.5 -3.34375 C 1.5 -3.59375 1.84375 -3.59375 2.015625 -3.59375 L 2.015625 -3.859375 C 1.609375 -3.84375 1.40625 -3.84375 1.046875 -3.84375 C 0.75 -3.84375 0.484375 -3.84375 0.171875 -3.859375 L 0.171875 -3.59375 C 0.609375 -3.59375 0.71875 -3.5625 0.828125 -3.265625 L 1.984375 -0.09375 C 2.03125 0.015625 2.0625 0.09375 2.203125 0.09375 C 2.328125 0.09375 2.375 0 2.40625 -0.09375 L 3.3125 -2.59375 L 4.25 -0.09375 C 4.28125 0 4.3125 0.09375 4.453125 0.09375 C 4.578125 0.09375 4.609375 0.015625 4.640625 -0.078125 Z M 5.71875 -3 "/>
</g>
<g id="glyph-9-30">
<path d="M 2.34375 2.25 L 2.34375 1.859375 L 1.46875 1.859375 L 1.46875 -6.34375 L 2.34375 -6.34375 L 2.34375 -6.734375 L 1.078125 -6.734375 L 1.078125 2.25 Z M 2.34375 2.25 "/>
</g>
<g id="glyph-9-31">
<path d="M 1.46875 2.25 L 1.46875 -6.734375 L 0.203125 -6.734375 L 0.203125 -6.34375 L 1.078125 -6.34375 L 1.078125 1.859375 L 0.203125 1.859375 L 0.203125 2.25 Z M 1.46875 2.25 "/>
</g>
<g id="glyph-9-32">
<path d="M 1.625 -2.859375 C 1.625 -3.03125 1.625 -3.046875 1.71875 -3.1875 C 2.03125 -3.59375 2.46875 -3.734375 2.8125 -3.734375 C 3.1875 -3.734375 3.546875 -3.53125 3.78125 -3.140625 C 4.015625 -2.765625 4.03125 -2.234375 4.03125 -1.953125 C 4.03125 -1.53125 3.984375 -1.046875 3.75 -0.6875 C 3.546875 -0.40625 3.1875 -0.125 2.703125 -0.125 C 2.3125 -0.125 1.96875 -0.34375 1.75 -0.671875 C 1.625 -0.859375 1.625 -0.875 1.625 -1.046875 Z M 1.546875 -0.546875 C 1.828125 -0.15625 2.265625 0.09375 2.75 0.09375 C 3.828125 0.09375 4.8125 -0.765625 4.8125 -1.9375 C 4.8125 -3.0625 3.921875 -3.96875 2.84375 -3.96875 C 2.234375 -3.96875 1.8125 -3.65625 1.59375 -3.40625 L 1.59375 -6.21875 L 0.265625 -6.125 L 0.265625 -5.84375 C 0.875 -5.84375 0.953125 -5.78125 0.953125 -5.34375 L 0.953125 0 L 1.203125 0 Z M 1.546875 -0.546875 "/>
</g>
<g id="glyph-9-33">
<path d="M 1.203125 -2.96875 C 1.203125 -3.890625 1.296875 -4.390625 1.546875 -4.859375 C 1.71875 -5.234375 2.15625 -5.75 2.828125 -5.75 C 3 -5.75 3.421875 -5.71875 3.625 -5.390625 C 3.296875 -5.390625 3.140625 -5.21875 3.140625 -4.984375 C 3.140625 -4.75 3.3125 -4.5625 3.5625 -4.5625 C 3.8125 -4.5625 3.984375 -4.734375 3.984375 -5 C 3.984375 -5.5 3.625 -5.96875 2.8125 -5.96875 C 1.65625 -5.96875 0.390625 -4.828125 0.390625 -2.828125 C 0.390625 -0.40625 1.484375 0.203125 2.328125 0.203125 C 3.3125 0.203125 4.21875 -0.640625 4.21875 -1.828125 C 4.21875 -2.953125 3.390625 -3.828125 2.375 -3.828125 C 1.84375 -3.828125 1.453125 -3.5 1.203125 -2.96875 Z M 2.3125 -0.046875 C 1.796875 -0.046875 1.5 -0.46875 1.40625 -0.734375 C 1.234375 -1.140625 1.21875 -1.890625 1.21875 -2.03125 C 1.21875 -2.625 1.5 -3.59375 2.359375 -3.59375 C 2.5 -3.59375 2.9375 -3.59375 3.234375 -3.046875 C 3.40625 -2.703125 3.40625 -2.265625 3.40625 -1.828125 C 3.40625 -1.40625 3.40625 -0.953125 3.234375 -0.625 C 2.953125 -0.109375 2.5625 -0.046875 2.3125 -0.046875 Z M 2.3125 -0.046875 "/>
</g>
<g id="glyph-9-34">
<path d="M 2.734375 -3.15625 C 3.5625 -3.46875 3.96875 -4.125 3.96875 -4.75 C 3.96875 -5.4375 3.203125 -5.96875 2.265625 -5.96875 C 1.34375 -5.96875 0.640625 -5.4375 0.640625 -4.765625 C 0.640625 -4.46875 0.828125 -4.296875 1.09375 -4.296875 C 1.359375 -4.296875 1.546875 -4.484375 1.546875 -4.75 C 1.546875 -5.0625 1.328125 -5.1875 1.015625 -5.1875 C 1.25 -5.5625 1.796875 -5.75 2.25 -5.75 C 2.984375 -5.75 3.125 -5.15625 3.125 -4.734375 C 3.125 -4.46875 3.078125 -4.03125 2.859375 -3.6875 C 2.578125 -3.296875 2.265625 -3.28125 2 -3.25 C 1.78125 -3.234375 1.765625 -3.234375 1.6875 -3.234375 C 1.609375 -3.234375 1.53125 -3.21875 1.53125 -3.125 C 1.53125 -3 1.609375 -3 1.765625 -3 L 2.171875 -3 C 2.953125 -3 3.296875 -2.375 3.296875 -1.53125 C 3.296875 -0.375 2.6875 -0.046875 2.234375 -0.046875 C 2.0625 -0.046875 1.1875 -0.09375 0.796875 -0.765625 C 1.109375 -0.71875 1.359375 -0.9375 1.359375 -1.25 C 1.359375 -1.546875 1.140625 -1.734375 0.875 -1.734375 C 0.65625 -1.734375 0.390625 -1.59375 0.390625 -1.21875 C 0.390625 -0.421875 1.21875 0.203125 2.265625 0.203125 C 3.375 0.203125 4.21875 -0.609375 4.21875 -1.53125 C 4.21875 -2.3125 3.59375 -2.96875 2.734375 -3.15625 Z M 2.734375 -3.15625 "/>
</g>
<g id="glyph-9-35">
<path d="M 3.40625 -2.828125 L 3.40625 -2.625 C 3.40625 -0.4375 2.40625 -0.046875 1.890625 -0.046875 C 1.6875 -0.046875 1.234375 -0.09375 1 -0.390625 L 1.03125 -0.390625 C 1.109375 -0.375 1.453125 -0.4375 1.453125 -0.796875 C 1.453125 -1.03125 1.296875 -1.203125 1.046875 -1.203125 C 0.796875 -1.203125 0.625 -1.046875 0.625 -0.78125 C 0.625 -0.1875 1.09375 0.203125 1.90625 0.203125 C 3.0625 0.203125 4.21875 -0.984375 4.21875 -2.953125 C 4.21875 -5.375 3.140625 -5.96875 2.328125 -5.96875 C 1.296875 -5.96875 0.390625 -5.140625 0.390625 -3.96875 C 0.390625 -2.828125 1.203125 -1.96875 2.21875 -1.96875 C 2.875 -1.96875 3.234375 -2.4375 3.40625 -2.828125 Z M 2.25 -2.1875 C 2.09375 -2.1875 1.65625 -2.1875 1.375 -2.75 C 1.203125 -3.078125 1.203125 -3.53125 1.203125 -3.953125 C 1.203125 -4.390625 1.203125 -4.828125 1.390625 -5.171875 C 1.65625 -5.625 2.015625 -5.75 2.328125 -5.75 C 2.9375 -5.75 3.1875 -5.125 3.21875 -5.046875 C 3.34375 -4.703125 3.375 -4.15625 3.375 -3.78125 C 3.375 -3.125 3.078125 -2.1875 2.25 -2.1875 Z M 2.25 -2.1875 "/>
</g>
<g id="glyph-9-36">
<path d="M 4.390625 -5.46875 C 4.46875 -5.5625 4.46875 -5.59375 4.46875 -5.78125 L 2.25 -5.78125 C 1.109375 -5.78125 1.078125 -5.890625 1.0625 -6.0625 L 0.8125 -6.0625 L 0.515625 -4.1875 L 0.765625 -4.1875 C 0.796875 -4.390625 0.875 -4.890625 0.984375 -5 C 1.046875 -5.0625 1.765625 -5.0625 1.890625 -5.0625 L 3.765625 -5.0625 L 2.90625 -3.890625 C 1.734375 -2.28125 1.625 -0.8125 1.625 -0.3125 C 1.625 -0.203125 1.625 0.203125 2.046875 0.203125 C 2.46875 0.203125 2.46875 -0.203125 2.46875 -0.3125 L 2.46875 -0.75 C 2.46875 -2.078125 2.65625 -3.109375 3.140625 -3.765625 Z M 4.390625 -5.46875 "/>
</g>
<g id="glyph-10-0">
<path d="M 1.0625 -1.96875 C 1.453125 -2.15625 1.484375 -2.3125 1.484375 -2.328125 C 1.484375 -2.390625 1.4375 -2.390625 1.375 -2.390625 C 1.046875 -2.390625 0.171875 -1.984375 0.171875 -1.125 C 0.171875 -0.46875 0.9375 0.203125 2.046875 0.203125 C 3.5625 0.203125 5.28125 -0.828125 5.28125 -2.046875 C 5.28125 -2.90625 4.34375 -3.3125 3.640625 -3.609375 C 3.34375 -3.734375 2.515625 -4.09375 2.515625 -4.796875 C 2.515625 -5.09375 2.671875 -5.421875 2.890625 -5.59375 C 3.109375 -5.75 3.5 -5.828125 3.796875 -5.828125 C 3.90625 -5.828125 4.28125 -5.796875 4.640625 -5.65625 C 4.84375 -5.5625 5.109375 -5.46875 5.109375 -5.0625 C 5.109375 -4.9375 5.078125 -4.828125 5.0625 -4.828125 C 5.0625 -4.796875 5.046875 -4.734375 5.046875 -4.703125 C 5.046875 -4.6875 5.0625 -4.640625 5.140625 -4.640625 C 5.25 -4.640625 5.546875 -4.78125 5.6875 -4.90625 C 5.78125 -5 5.890625 -5.109375 5.890625 -5.453125 C 5.890625 -5.90625 5.59375 -6.03125 5.375 -6.140625 C 4.9375 -6.328125 4.53125 -6.328125 4.40625 -6.328125 C 3.203125 -6.328125 1.734375 -5.421875 1.734375 -4.390625 C 1.734375 -3.625 2.59375 -3.265625 2.953125 -3.109375 C 3.625 -2.828125 4.5 -2.4375 4.5 -1.65625 C 4.5 -1.328125 4.328125 -0.875 3.953125 -0.625 C 3.59375 -0.390625 3 -0.3125 2.65625 -0.3125 C 1.71875 -0.3125 0.953125 -0.90625 0.953125 -1.515625 C 0.953125 -1.671875 0.984375 -1.828125 1.0625 -1.96875 Z M 1.0625 -1.96875 "/>
</g>
<g id="glyph-11-0">
<path d="M 2.40625 -3.90625 C 1.375 -3.6875 0.390625 -2.609375 0.390625 -1.421875 C 0.390625 -0.4375 1.078125 0.109375 1.859375 0.109375 C 2.90625 0.109375 3.6875 -1.25 3.6875 -2.53125 C 3.6875 -3.359375 3.296875 -3.84375 3.015625 -4.171875 C 2.703125 -4.5625 2.109375 -5.28125 2.109375 -5.671875 C 2.109375 -5.828125 2.234375 -6.078125 2.609375 -6.078125 C 2.890625 -6.078125 3.0625 -5.96875 3.25 -5.84375 C 3.375 -5.765625 3.640625 -5.609375 3.78125 -5.609375 C 3.96875 -5.609375 4.140625 -5.78125 4.140625 -5.96875 C 4.140625 -6.171875 4.015625 -6.203125 3.59375 -6.28125 C 3.15625 -6.390625 3 -6.390625 2.875 -6.390625 C 1.96875 -6.390625 1.84375 -5.75 1.84375 -5.46875 C 1.84375 -5.015625 2.125 -4.40625 2.40625 -3.90625 Z M 2.53125 -3.6875 C 3 -2.859375 3.015625 -2.453125 3.015625 -2.15625 C 3.015625 -1.484375 2.65625 -0.109375 1.859375 -0.109375 C 1.46875 -0.109375 0.984375 -0.375 0.984375 -1.171875 C 0.984375 -1.75 1.296875 -3.359375 2.53125 -3.6875 Z M 2.53125 -3.6875 "/>
</g>
<g id="glyph-11-1">
<path d="M 3.609375 -3.421875 C 3.265625 -3.421875 3.078125 -3.15625 3.078125 -2.9375 C 3.078125 -2.671875 3.3125 -2.609375 3.421875 -2.609375 C 3.609375 -2.609375 3.921875 -2.765625 3.921875 -3.1875 C 3.921875 -3.65625 3.453125 -3.96875 2.828125 -3.96875 C 1.609375 -3.96875 0.390625 -2.71875 0.390625 -1.4375 C 0.390625 -0.53125 0.984375 0.09375 1.890625 0.09375 C 3.234375 0.09375 3.984375 -0.828125 3.984375 -0.953125 C 3.984375 -1 3.921875 -1.078125 3.859375 -1.078125 C 3.828125 -1.078125 3.8125 -1.0625 3.734375 -0.96875 C 3.1875 -0.3125 2.375 -0.125 1.90625 -0.125 C 1.40625 -0.125 1.078125 -0.453125 1.078125 -1.109375 C 1.078125 -1.484375 1.25 -2.375 1.609375 -2.953125 C 1.8125 -3.28125 2.28125 -3.734375 2.84375 -3.734375 C 3.015625 -3.734375 3.390625 -3.703125 3.609375 -3.421875 Z M 3.609375 -3.421875 "/>
</g>
<g id="glyph-12-0">
<path d="M 2.078125 -3.734375 C 2.078125 -3.875 1.96875 -3.96875 1.84375 -3.96875 C 1.671875 -3.96875 1.5 -3.8125 1.5 -3.640625 C 1.5 -3.5 1.609375 -3.40625 1.734375 -3.40625 C 1.9375 -3.40625 2.078125 -3.578125 2.078125 -3.734375 Z M 1.71875 -1.640625 C 1.75 -1.703125 1.796875 -1.84375 1.828125 -1.90625 C 1.84375 -1.953125 1.859375 -2.015625 1.859375 -2.125 C 1.859375 -2.453125 1.5625 -2.640625 1.265625 -2.640625 C 0.65625 -2.640625 0.359375 -1.84375 0.359375 -1.71875 C 0.359375 -1.6875 0.390625 -1.640625 0.46875 -1.640625 C 0.5625 -1.640625 0.578125 -1.671875 0.59375 -1.71875 C 0.765625 -2.296875 1.078125 -2.4375 1.25 -2.4375 C 1.359375 -2.4375 1.40625 -2.359375 1.40625 -2.21875 C 1.40625 -2.109375 1.375 -2.015625 1.359375 -1.96875 L 1.046875 -1.203125 C 0.96875 -1.03125 0.96875 -1.015625 0.890625 -0.8125 C 0.8125 -0.640625 0.796875 -0.5625 0.796875 -0.453125 C 0.796875 -0.15625 1.0625 0.0625 1.390625 0.0625 C 2 0.0625 2.296875 -0.734375 2.296875 -0.859375 C 2.296875 -0.875 2.296875 -0.953125 2.1875 -0.953125 C 2.09375 -0.953125 2.09375 -0.921875 2.0625 -0.796875 C 1.96875 -0.5 1.71875 -0.140625 1.40625 -0.140625 C 1.296875 -0.140625 1.25 -0.203125 1.25 -0.359375 C 1.25 -0.46875 1.28125 -0.5625 1.359375 -0.75 Z M 1.71875 -1.640625 "/>
</g>
</g>
</defs>
<g fill="rgb(0%, 0%, 0%)" fill-opacity="1">
<use xlink:href="#glyph-0-0" x="37.807" y="47.219"/>
</g>
<path fill="none" stroke-width="1.19553" stroke-linecap="butt" stroke-linejoin="miter" stroke="rgb(0%, 0%, 0%)" stroke-opacity="1" stroke-miterlimit="10" d="M 0.00128125 85.041719 L 0.00128125 113.385469 L 28.345031 113.385469 L 28.345031 85.041719 Z M 0.00128125 85.041719 " transform="matrix(1, 0, 0, -1, 56.862, 141.53)"/>
<g fill="rgb(0%, 0%, 0%)" fill-opacity="1">
<use xlink:href="#glyph-1-0" x="62.387" y="16.462"/>
</g>
<g fill="rgb(0%, 0%, 0%)" fill-opacity="1">
<use xlink:href="#glyph-2-0" x="69.167546" y="16.462"/>
<use xlink:href="#glyph-2-1" x="71.935156" y="16.462"/>
<use xlink:href="#glyph-2-2" x="76.916456" y="16.462"/>
</g>
<path fill="none" stroke-width="1.19553" stroke-linecap="butt" stroke-linejoin="miter" stroke="rgb(0%, 0%, 0%)" stroke-opacity="1" stroke-miterlimit="10" d="M 28.345031 85.041719 L 28.345031 113.385469 L 56.692687 113.385469 L 56.692687 85.041719 Z M 28.345031 85.041719 " transform="matrix(1, 0, 0, -1, 56.862, 141.53)"/>
<g fill="rgb(0%, 0%, 0%)" fill-opacity="1">
<use xlink:href="#glyph-1-0" x="90.734" y="16.462"/>
</g>
<g fill="rgb(0%, 0%, 0%)" fill-opacity="1">
<use xlink:href="#glyph-2-0" x="97.514546" y="16.462"/>
<use xlink:href="#glyph-2-3" x="100.282156" y="16.462"/>
<use xlink:href="#glyph-2-2" x="105.263456" y="16.462"/>
</g>
<path fill="none" stroke-width="1.19553" stroke-linecap="butt" stroke-linejoin="miter" stroke="rgb(0%, 0%, 0%)" stroke-opacity="1" stroke-miterlimit="10" d="M 56.692687 85.041719 L 56.692687 113.385469 L 85.040344 113.385469 L 85.040344 85.041719 Z M 56.692687 85.041719 " transform="matrix(1, 0, 0, -1, 56.862, 141.53)"/>
<g fill="rgb(0%, 0%, 0%)" fill-opacity="1">
<use xlink:href="#glyph-1-0" x="119.08" y="16.462"/>
</g>
<g fill="rgb(0%, 0%, 0%)" fill-opacity="1">
<use xlink:href="#glyph-2-0" x="125.860546" y="16.462"/>
<use xlink:href="#glyph-2-4" x="128.628156" y="16.462"/>
<use xlink:href="#glyph-2-2" x="133.609456" y="16.462"/>
</g>
<path fill="none" stroke-width="1.19553" stroke-linecap="butt" stroke-linejoin="miter" stroke="rgb(0%, 0%, 0%)" stroke-opacity="1" stroke-miterlimit="10" d="M 85.040344 85.041719 L 85.040344 113.385469 L 113.388 113.385469 L 113.388 85.041719 Z M 85.040344 85.041719 " transform="matrix(1, 0, 0, -1, 56.862, 141.53)"/>
<g fill="rgb(0%, 0%, 0%)" fill-opacity="1">
<use xlink:href="#glyph-1-0" x="147.426" y="16.462"/>
</g>
<g fill="rgb(0%, 0%, 0%)" fill-opacity="1">
<use xlink:href="#glyph-2-0" x="154.206546" y="16.462"/>
<use xlink:href="#glyph-2-5" x="156.974156" y="16.462"/>
<use xlink:href="#glyph-2-2" x="161.955456" y="16.462"/>
</g>
<path fill="none" stroke-width="1.19553" stroke-linecap="butt" stroke-linejoin="miter" stroke="rgb(0%, 0%, 0%)" stroke-opacity="1" stroke-miterlimit="10" d="M 113.388 85.041719 L 113.388 113.385469 L 141.735656 113.385469 L 141.735656 85.041719 Z M 113.388 85.041719 " transform="matrix(1, 0, 0, -1, 56.862, 141.53)"/>
<g fill="rgb(0%, 0%, 0%)" fill-opacity="1">
<use xlink:href="#glyph-1-0" x="175.773" y="16.462"/>
</g>
<g fill="rgb(0%, 0%, 0%)" fill-opacity="1">
<use xlink:href="#glyph-2-0" x="182.553546" y="16.462"/>
<use xlink:href="#glyph-2-6" x="185.321156" y="16.462"/>
<use xlink:href="#glyph-2-2" x="190.302456" y="16.462"/>
</g>
<path fill="none" stroke-width="1.19553" stroke-linecap="butt" stroke-linejoin="miter" stroke="rgb(0%, 0%, 0%)" stroke-opacity="1" stroke-miterlimit="10" d="M 141.735656 85.041719 L 141.735656 113.385469 L 170.079406 113.385469 L 170.079406 85.041719 Z M 141.735656 85.041719 " transform="matrix(1, 0, 0, -1, 56.862, 141.53)"/>
<g fill="rgb(0%, 0%, 0%)" fill-opacity="1">
<use xlink:href="#glyph-1-0" x="204.119" y="16.462"/>
</g>
<g fill="rgb(0%, 0%, 0%)" fill-opacity="1">
<use xlink:href="#glyph-2-0" x="210.899546" y="16.462"/>
<use xlink:href="#glyph-2-7" x="213.667156" y="16.462"/>
<use xlink:href="#glyph-2-2" x="218.648456" y="16.462"/>
</g>
<path fill="none" stroke-width="1.19553" stroke-linecap="butt" stroke-linejoin="miter" stroke="rgb(0%, 0%, 0%)" stroke-opacity="1" stroke-miterlimit="10" d="M 170.079406 85.041719 L 170.079406 113.385469 L 198.427063 113.385469 L 198.427063 85.041719 Z M 170.079406 85.041719 " transform="matrix(1, 0, 0, -1, 56.862, 141.53)"/>
<g fill="rgb(0%, 0%, 0%)" fill-opacity="1">
<use xlink:href="#glyph-1-0" x="232.466" y="16.462"/>
</g>
<g fill="rgb(0%, 0%, 0%)" fill-opacity="1">
<use xlink:href="#glyph-2-0" x="239.246546" y="16.462"/>
<use xlink:href="#glyph-2-8" x="242.014156" y="16.462"/>
<use xlink:href="#glyph-2-2" x="246.995456" y="16.462"/>
</g>
<path fill="none" stroke-width="1.19553" stroke-linecap="butt" stroke-linejoin="miter" stroke="rgb(0%, 0%, 0%)" stroke-opacity="1" stroke-miterlimit="10" d="M 198.427063 85.041719 L 198.427063 113.385469 L 226.774719 113.385469 L 226.774719 85.041719 Z M 198.427063 85.041719 " transform="matrix(1, 0, 0, -1, 56.862, 141.53)"/>
<g fill="rgb(0%, 0%, 0%)" fill-opacity="1">
<use xlink:href="#glyph-1-0" x="260.812" y="16.462"/>
</g>
<g fill="rgb(0%, 0%, 0%)" fill-opacity="1">
<use xlink:href="#glyph-2-0" x="267.592546" y="16.462"/>
<use xlink:href="#glyph-2-9" x="270.360156" y="16.462"/>
<use xlink:href="#glyph-2-2" x="275.341456" y="16.462"/>
</g>
<path fill="none" stroke-width="1.19553" stroke-linecap="butt" stroke-linejoin="miter" stroke="rgb(0%, 0%, 0%)" stroke-opacity="1" stroke-miterlimit="10" d="M 226.774719 85.041719 L 226.774719 113.385469 L 255.122375 113.385469 L 255.122375 85.041719 Z M 226.774719 85.041719 " transform="matrix(1, 0, 0, -1, 56.862, 141.53)"/>
<g fill="rgb(0%, 0%, 0%)" fill-opacity="1">
<use xlink:href="#glyph-1-0" x="289.159" y="16.462"/>
</g>
<g fill="rgb(0%, 0%, 0%)" fill-opacity="1">
<use xlink:href="#glyph-2-0" x="295.939546" y="16.462"/>
<use xlink:href="#glyph-2-10" x="298.707156" y="16.462"/>
<use xlink:href="#glyph-2-2" x="303.688456" y="16.462"/>
</g>
<path fill="none" stroke-width="1.19553" stroke-linecap="butt" stroke-linejoin="miter" stroke="rgb(0%, 0%, 0%)" stroke-opacity="1" stroke-miterlimit="10" d="M 255.122375 85.041719 L 255.122375 113.385469 L 283.470031 113.385469 L 283.470031 85.041719 Z M 255.122375 85.041719 " transform="matrix(1, 0, 0, -1, 56.862, 141.53)"/>
<g fill="rgb(0%, 0%, 0%)" fill-opacity="1">
<use xlink:href="#glyph-1-0" x="317.505" y="16.462"/>
</g>
<g fill="rgb(0%, 0%, 0%)" fill-opacity="1">
<use xlink:href="#glyph-2-0" x="324.285546" y="16.462"/>
<use xlink:href="#glyph-2-11" x="327.053156" y="16.462"/>
<use xlink:href="#glyph-2-2" x="332.034456" y="16.462"/>
</g>
<g fill="rgb(0%, 0%, 0%)" fill-opacity="1">
<use xlink:href="#glyph-3-0" x="63.459" y="45.672"/>
</g>
<g fill="rgb(0%, 0%, 0%)" fill-opacity="1">
<use xlink:href="#glyph-4-0" x="72.757755" y="45.672"/>
</g>
<g fill="rgb(0%, 0%, 0%)" fill-opacity="1">
<use xlink:href="#glyph-3-0" x="91.806" y="45.672"/>
</g>
<g fill="rgb(0%, 0%, 0%)" fill-opacity="1">
<use xlink:href="#glyph-4-1" x="101.104755" y="45.672"/>
</g>
<g fill="rgb(0%, 0%, 0%)" fill-opacity="1">
<use xlink:href="#glyph-4-2" x="124.802" y="46.17"/>
</g>
<g fill="rgb(0%, 0%, 0%)" fill-opacity="1">
<use xlink:href="#glyph-4-0" x="153.148" y="46.17"/>
</g>
<g fill="rgb(0%, 0%, 0%)" fill-opacity="1">
<use xlink:href="#glyph-4-0" x="181.494" y="46.17"/>
</g>
<g fill="rgb(0%, 0%, 0%)" fill-opacity="1">
<use xlink:href="#glyph-4-1" x="209.841" y="46.17"/>
</g>
<g fill="rgb(0%, 0%, 0%)" fill-opacity="1">
<use xlink:href="#glyph-4-0" x="238.187" y="46.17"/>
</g>
<g fill="rgb(0%, 0%, 0%)" fill-opacity="1">
<use xlink:href="#glyph-4-0" x="266.534" y="46.17"/>
</g>
<g fill="rgb(0%, 0%, 0%)" fill-opacity="1">
<use xlink:href="#glyph-3-0" x="290.231" y="45.672"/>
</g>
<g fill="rgb(0%, 0%, 0%)" fill-opacity="1">
<use xlink:href="#glyph-4-0" x="299.529755" y="45.672"/>
</g>
<g fill="rgb(0%, 0%, 0%)" fill-opacity="1">
<use xlink:href="#glyph-4-1" x="323.227" y="46.17"/>
</g>
<g fill="rgb(0%, 0%, 0%)" fill-opacity="1">
<use xlink:href="#glyph-5-0" x="8.99" y="88.743"/>
</g>
<g fill="rgb(0%, 0%, 0%)" fill-opacity="1">
<use xlink:href="#glyph-6-0" x="15.035" y="90.895"/>
</g>
<g fill="rgb(0%, 0%, 0%)" fill-opacity="1">
<use xlink:href="#glyph-0-1" x="22.951" y="88.743"/>
</g>
<g fill="rgb(0%, 0%, 0%)" fill-opacity="1">
<use xlink:href="#glyph-5-1" x="41.285444" y="88.743"/>
</g>
<path fill="none" stroke-width="1.19553" stroke-linecap="butt" stroke-linejoin="miter" stroke="rgb(0%, 0%, 0%)" stroke-opacity="1" stroke-miterlimit="10" d="M 0.00128125 42.518281 L 0.00128125 70.865938 L 28.345031 70.865938 L 28.345031 42.518281 Z M 0.00128125 42.518281 " transform="matrix(1, 0, 0, -1, 56.862, 141.53)"/>
<path fill="none" stroke-width="1.19553" stroke-linecap="butt" stroke-linejoin="miter" stroke="rgb(0%, 0%, 0%)" stroke-opacity="1" stroke-miterlimit="10" d="M 28.345031 42.518281 L 28.345031 70.865938 L 56.692687 70.865938 L 56.692687 42.518281 Z M 28.345031 42.518281 " transform="matrix(1, 0, 0, -1, 56.862, 141.53)"/>
<path fill="none" stroke-width="1.19553" stroke-linecap="butt" stroke-linejoin="miter" stroke="rgb(0%, 0%, 0%)" stroke-opacity="1" stroke-miterlimit="10" d="M 56.692687 42.518281 L 56.692687 70.865938 L 85.040344 70.865938 L 85.040344 42.518281 Z M 56.692687 42.518281 " transform="matrix(1, 0, 0, -1, 56.862, 141.53)"/>
<path fill="none" stroke-width="1.19553" stroke-linecap="butt" stroke-linejoin="miter" stroke="rgb(0%, 0%, 0%)" stroke-opacity="1" stroke-miterlimit="10" d="M 85.040344 42.518281 L 85.040344 70.865938 L 113.388 70.865938 L 113.388 42.518281 Z M 85.040344 42.518281 " transform="matrix(1, 0, 0, -1, 56.862, 141.53)"/>
<path fill="none" stroke-width="1.19553" stroke-linecap="butt" stroke-linejoin="miter" stroke="rgb(0%, 0%, 0%)" stroke-opacity="1" stroke-miterlimit="10" d="M 113.388 42.518281 L 113.388 70.865938 L 141.735656 70.865938 L 141.735656 42.518281 Z M 113.388 42.518281 " transform="matrix(1, 0, 0, -1, 56.862, 141.53)"/>
<path fill="none" stroke-width="1.19553" stroke-linecap="butt" stroke-linejoin="miter" stroke="rgb(0%, 0%, 0%)" stroke-opacity="1" stroke-miterlimit="10" d="M 141.735656 42.518281 L 141.735656 70.865938 L 170.079406 70.865938 L 170.079406 42.518281 Z M 141.735656 42.518281 " transform="matrix(1, 0, 0, -1, 56.862, 141.53)"/>
<path fill="none" stroke-width="1.19553" stroke-linecap="butt" stroke-linejoin="miter" stroke="rgb(0%, 0%, 0%)" stroke-opacity="1" stroke-miterlimit="10" d="M 170.079406 42.518281 L 170.079406 70.865938 L 198.427063 70.865938 L 198.427063 42.518281 Z M 170.079406 42.518281 " transform="matrix(1, 0, 0, -1, 56.862, 141.53)"/>
<path fill="none" stroke-width="1.19553" stroke-linecap="butt" stroke-linejoin="miter" stroke="rgb(0%, 0%, 0%)" stroke-opacity="1" stroke-miterlimit="10" d="M 198.427063 42.518281 L 198.427063 70.865938 L 226.774719 70.865938 L 226.774719 42.518281 Z M 198.427063 42.518281 " transform="matrix(1, 0, 0, -1, 56.862, 141.53)"/>
<path fill="none" stroke-width="1.19553" stroke-linecap="butt" stroke-linejoin="miter" stroke="rgb(0%, 0%, 0%)" stroke-opacity="1" stroke-miterlimit="10" d="M 226.774719 42.518281 L 226.774719 70.865938 L 255.122375 70.865938 L 255.122375 42.518281 Z M 226.774719 42.518281 " transform="matrix(1, 0, 0, -1, 56.862, 141.53)"/>
<path fill="none" stroke-width="1.19553" stroke-linecap="butt" stroke-linejoin="miter" stroke="rgb(0%, 0%, 0%)" stroke-opacity="1" stroke-miterlimit="10" d="M 255.122375 42.518281 L 255.122375 70.865938 L 283.470031 70.865938 L 283.470031 42.518281 Z M 255.122375 42.518281 " transform="matrix(1, 0, 0, -1, 56.862, 141.53)"/>
<g fill="rgb(0%, 0%, 0%)" fill-opacity="1">
<use xlink:href="#glyph-6-1" x="147.002" y="115.674"/>
</g>
<g fill="rgb(0%, 0%, 0%)" fill-opacity="1">
<use xlink:href="#glyph-7-0" x="151.314" y="117.169"/>
</g>
<g fill="rgb(0%, 0%, 0%)" fill-opacity="1">
<use xlink:href="#glyph-2-0" x="154.631" y="115.674"/>
<use xlink:href="#glyph-2-1" x="157.39861" y="115.674"/>
<use xlink:href="#glyph-2-2" x="162.37991" y="115.674"/>
</g>
<g fill="rgb(0%, 0%, 0%)" fill-opacity="1">
<use xlink:href="#glyph-6-1" x="175.349" y="115.674"/>
</g>
<g fill="rgb(0%, 0%, 0%)" fill-opacity="1">
<use xlink:href="#glyph-7-0" x="179.66" y="117.169"/>
</g>
<g fill="rgb(0%, 0%, 0%)" fill-opacity="1">
<use xlink:href="#glyph-2-0" x="182.977" y="115.674"/>
<use xlink:href="#glyph-2-3" x="185.74461" y="115.674"/>
<use xlink:href="#glyph-2-2" x="190.72591" y="115.674"/>
</g>
<g fill="rgb(0%, 0%, 0%)" fill-opacity="1">
<use xlink:href="#glyph-6-1" x="203.695" y="115.674"/>
</g>
<g fill="rgb(0%, 0%, 0%)" fill-opacity="1">
<use xlink:href="#glyph-7-0" x="208.007" y="117.169"/>
</g>
<g fill="rgb(0%, 0%, 0%)" fill-opacity="1">
<use xlink:href="#glyph-2-0" x="211.323" y="115.674"/>
<use xlink:href="#glyph-2-4" x="214.09061" y="115.674"/>
<use xlink:href="#glyph-2-2" x="219.07191" y="115.674"/>
</g>
<g fill="rgb(0%, 0%, 0%)" fill-opacity="1">
<use xlink:href="#glyph-6-1" x="232.042" y="115.674"/>
</g>
<g fill="rgb(0%, 0%, 0%)" fill-opacity="1">
<use xlink:href="#glyph-7-0" x="236.353" y="117.169"/>
</g>
<g fill="rgb(0%, 0%, 0%)" fill-opacity="1">
<use xlink:href="#glyph-2-0" x="239.67" y="115.674"/>
<use xlink:href="#glyph-2-5" x="242.43761" y="115.674"/>
<use xlink:href="#glyph-2-2" x="247.41891" y="115.674"/>
</g>
<g fill="rgb(0%, 0%, 0%)" fill-opacity="1">
<use xlink:href="#glyph-6-1" x="260.388" y="115.674"/>
</g>
<g fill="rgb(0%, 0%, 0%)" fill-opacity="1">
<use xlink:href="#glyph-7-0" x="264.7" y="117.169"/>
</g>
<g fill="rgb(0%, 0%, 0%)" fill-opacity="1">
<use xlink:href="#glyph-2-0" x="268.016" y="115.674"/>
<use xlink:href="#glyph-2-6" x="270.78361" y="115.674"/>
<use xlink:href="#glyph-2-2" x="275.76491" y="115.674"/>
</g>
<g fill="rgb(0%, 0%, 0%)" fill-opacity="1">
<use xlink:href="#glyph-6-1" x="288.735" y="115.674"/>
</g>
<g fill="rgb(0%, 0%, 0%)" fill-opacity="1">
<use xlink:href="#glyph-7-0" x="293.046" y="117.169"/>
</g>
<g fill="rgb(0%, 0%, 0%)" fill-opacity="1">
<use xlink:href="#glyph-2-0" x="296.363" y="115.674"/>
<use xlink:href="#glyph-2-7" x="299.13061" y="115.674"/>
<use xlink:href="#glyph-2-2" x="304.11191" y="115.674"/>
</g>
<g fill="rgb(0%, 0%, 0%)" fill-opacity="1">
<use xlink:href="#glyph-6-1" x="317.081" y="115.674"/>
</g>
<g fill="rgb(0%, 0%, 0%)" fill-opacity="1">
<use xlink:href="#glyph-7-0" x="321.392" y="117.169"/>
</g>
<g fill="rgb(0%, 0%, 0%)" fill-opacity="1">
<use xlink:href="#glyph-2-0" x="324.709" y="115.674"/>
<use xlink:href="#glyph-2-8" x="327.47661" y="115.674"/>
<use xlink:href="#glyph-2-2" x="332.45791" y="115.674"/>
</g>
<g fill="rgb(0%, 0%, 0%)" fill-opacity="1">
<use xlink:href="#glyph-6-1" x="61.963" y="115.674"/>
</g>
<g fill="rgb(0%, 0%, 0%)" fill-opacity="1">
<use xlink:href="#glyph-7-0" x="66.274" y="117.169"/>
</g>
<g fill="rgb(0%, 0%, 0%)" fill-opacity="1">
<use xlink:href="#glyph-2-0" x="69.591" y="115.674"/>
<use xlink:href="#glyph-2-9" x="72.35861" y="115.674"/>
<use xlink:href="#glyph-2-2" x="77.33991" y="115.674"/>
</g>
<g fill="rgb(0%, 0%, 0%)" fill-opacity="1">
<use xlink:href="#glyph-6-1" x="90.309" y="115.674"/>
</g>
<g fill="rgb(0%, 0%, 0%)" fill-opacity="1">
<use xlink:href="#glyph-7-0" x="94.621" y="117.169"/>
</g>
<g fill="rgb(0%, 0%, 0%)" fill-opacity="1">
<use xlink:href="#glyph-2-0" x="97.938" y="115.674"/>
<use xlink:href="#glyph-2-10" x="100.70561" y="115.674"/>
<use xlink:href="#glyph-2-2" x="105.68691" y="115.674"/>
</g>
<g fill="rgb(0%, 0%, 0%)" fill-opacity="1">
<use xlink:href="#glyph-6-1" x="118.656" y="115.674"/>
</g>
<g fill="rgb(0%, 0%, 0%)" fill-opacity="1">
<use xlink:href="#glyph-7-0" x="122.967" y="117.169"/>
</g>
<g fill="rgb(0%, 0%, 0%)" fill-opacity="1">
<use xlink:href="#glyph-2-0" x="126.284" y="115.674"/>
<use xlink:href="#glyph-2-11" x="129.05161" y="115.674"/>
<use xlink:href="#glyph-2-2" x="134.03291" y="115.674"/>
</g>
<g fill="rgb(0%, 0%, 0%)" fill-opacity="1">
<use xlink:href="#glyph-4-3" x="68.109" y="88.689"/>
</g>
<g fill="rgb(0%, 0%, 0%)" fill-opacity="1">
<use xlink:href="#glyph-4-3" x="96.455" y="88.689"/>
</g>
<g fill="rgb(0%, 0%, 0%)" fill-opacity="1">
<use xlink:href="#glyph-3-0" x="120.152" y="88.191"/>
</g>
<g fill="rgb(0%, 0%, 0%)" fill-opacity="1">
<use xlink:href="#glyph-4-3" x="129.450755" y="88.191"/>
</g>
<g fill="rgb(0%, 0%, 0%)" fill-opacity="1">
<use xlink:href="#glyph-3-0" x="148.499" y="88.191"/>
</g>
<g fill="rgb(0%, 0%, 0%)" fill-opacity="1">
<use xlink:href="#glyph-4-3" x="157.797755" y="88.191"/>
</g>
<g fill="rgb(0%, 0%, 0%)" fill-opacity="1">
<use xlink:href="#glyph-4-3" x="181.495" y="88.689"/>
</g>
<g fill="rgb(0%, 0%, 0%)" fill-opacity="1">
<use xlink:href="#glyph-3-0" x="205.192" y="88.191"/>
</g>
<g fill="rgb(0%, 0%, 0%)" fill-opacity="1">
<use xlink:href="#glyph-4-3" x="214.490755" y="88.191"/>
</g>
<g fill="rgb(0%, 0%, 0%)" fill-opacity="1">
<use xlink:href="#glyph-3-0" x="233.538" y="88.191"/>
</g>
<g fill="rgb(0%, 0%, 0%)" fill-opacity="1">
<use xlink:href="#glyph-4-3" x="242.836755" y="88.191"/>
</g>
<g fill="rgb(0%, 0%, 0%)" fill-opacity="1">
<use xlink:href="#glyph-3-0" x="261.885" y="88.191"/>
</g>
<g fill="rgb(0%, 0%, 0%)" fill-opacity="1">
<use xlink:href="#glyph-4-3" x="271.183755" y="88.191"/>
</g>
<g fill="rgb(0%, 0%, 0%)" fill-opacity="1">
<use xlink:href="#glyph-3-0" x="290.231" y="88.191"/>
</g>
<g fill="rgb(0%, 0%, 0%)" fill-opacity="1">
<use xlink:href="#glyph-4-3" x="299.529755" y="88.191"/>
</g>
<g fill="rgb(0%, 0%, 0%)" fill-opacity="1">
<use xlink:href="#glyph-3-0" x="318.577" y="88.191"/>
</g>
<g fill="rgb(0%, 0%, 0%)" fill-opacity="1">
<use xlink:href="#glyph-4-3" x="327.875755" y="88.191"/>
</g>
<path fill="none" stroke-width="1.59404" stroke-linecap="butt" stroke-linejoin="miter" stroke="rgb(100%, 0%, 0%)" stroke-opacity="1" stroke-miterlimit="10" d="M 1.196594 14.174531 L 83.845031 14.174531 " transform="matrix(1, 0, 0, -1, 56.862, 141.53)"/>
<path fill="none" stroke-width="1.59404" stroke-linecap="square" stroke-linejoin="miter" stroke="rgb(100%, 0%, 0%)" stroke-opacity="1" stroke-miterlimit="10" d="M 0.397374 -4.383944 L 0.397374 4.381681 " transform="matrix(-1, 0, 0, 1, 58.05753, 127.3566)"/>
<path fill="none" stroke-width="1.59404" stroke-linecap="square" stroke-linejoin="miter" stroke="rgb(100%, 0%, 0%)" stroke-opacity="1" stroke-miterlimit="10" d="M 0.398569 -4.381681 L 0.398569 4.383944 " transform="matrix(1, 0, 0, -1, 140.7069, 127.3566)"/>
<g fill="rgb(0%, 0%, 0%)" fill-opacity="1">
<use xlink:href="#glyph-5-1" x="96.002" y="146.418"/>
</g>
<g fill="rgb(0%, 0%, 0%)" fill-opacity="1">
<use xlink:href="#glyph-8-0" x="31.564" y="167.989"/>
<use xlink:href="#glyph-8-1" x="39.570099" y="167.989"/>
<use xlink:href="#glyph-8-1" x="45.46461" y="167.989"/>
<use xlink:href="#glyph-8-2" x="51.359121" y="167.989"/>
<use xlink:href="#glyph-8-3" x="54.306377" y="167.989"/>
<use xlink:href="#glyph-8-4" x="57.253633" y="167.989"/>
<use xlink:href="#glyph-8-5" x="63.148144" y="167.989"/>
<use xlink:href="#glyph-8-6" x="69.042655" y="167.989"/>
<use xlink:href="#glyph-8-7" x="74.937167" y="167.989"/>
</g>
<g fill="rgb(0%, 0%, 0%)" fill-opacity="1">
<use xlink:href="#glyph-8-8" x="82.986304" y="167.989"/>
<use xlink:href="#glyph-8-9" x="88.291723" y="167.989"/>
</g>
<g fill="rgb(0%, 0%, 0%)" fill-opacity="1">
<use xlink:href="#glyph-9-0" x="93.624041" y="167.989"/>
<use xlink:href="#glyph-9-1" x="100.662665" y="167.989"/>
<use xlink:href="#glyph-9-2" x="105.270498" y="167.989"/>
</g>
<g fill="rgb(0%, 0%, 0%)" fill-opacity="1">
<use xlink:href="#glyph-9-3" x="111.290539" y="167.989"/>
<use xlink:href="#glyph-9-4" x="116.410353" y="167.989"/>
<use xlink:href="#glyph-9-5" x="121.530168" y="167.989"/>
<use xlink:href="#glyph-9-5" x="129.209889" y="167.989"/>
<use xlink:href="#glyph-9-6" x="136.889611" y="167.989"/>
<use xlink:href="#glyph-9-7" x="140.989049" y="167.989"/>
<use xlink:href="#glyph-9-2" x="146.108863" y="167.989"/>
<use xlink:href="#glyph-9-8" x="149.743842" y="167.989"/>
<use xlink:href="#glyph-9-9" x="152.303749" y="167.989"/>
<use xlink:href="#glyph-9-7" x="156.911582" y="167.989"/>
<use xlink:href="#glyph-9-1" x="162.031396" y="167.989"/>
<use xlink:href="#glyph-9-10" x="166.639229" y="167.989"/>
</g>
<g fill="rgb(0%, 0%, 0%)" fill-opacity="1">
<use xlink:href="#glyph-10-0" x="171.584199" y="167.989"/>
</g>
<g fill="rgb(0%, 0%, 0%)" fill-opacity="1">
<use xlink:href="#glyph-9-4" x="180.213462" y="167.989"/>
<use xlink:href="#glyph-9-7" x="185.333277" y="167.989"/>
<use xlink:href="#glyph-9-11" x="190.453091" y="167.989"/>
</g>
<g fill="rgb(0%, 0%, 0%)" fill-opacity="1">
<use xlink:href="#glyph-9-6" x="197.949002" y="167.989"/>
<use xlink:href="#glyph-9-8" x="202.04844" y="167.989"/>
<use xlink:href="#glyph-9-7" x="204.608347" y="167.989"/>
<use xlink:href="#glyph-9-6" x="209.728161" y="167.989"/>
</g>
<g fill="rgb(0%, 0%, 0%)" fill-opacity="1">
<use xlink:href="#glyph-9-4" x="216.212662" y="167.989"/>
<use xlink:href="#glyph-9-5" x="221.332476" y="167.989"/>
</g>
<g fill="rgb(0%, 0%, 0%)" fill-opacity="1">
<use xlink:href="#glyph-11-0" x="231.39726" y="167.989"/>
</g>
<g fill="rgb(0%, 0%, 0%)" fill-opacity="1">
<use xlink:href="#glyph-9-7" x="238.210828" y="167.989"/>
<use xlink:href="#glyph-9-1" x="243.330642" y="167.989"/>
<use xlink:href="#glyph-9-12" x="247.938475" y="167.989"/>
</g>
<g fill="rgb(0%, 0%, 0%)" fill-opacity="1">
<use xlink:href="#glyph-9-13" x="251.774301" y="167.989"/>
</g>
<g fill="rgb(0%, 0%, 0%)" fill-opacity="1">
<use xlink:href="#glyph-9-14" x="259.279178" y="167.989"/>
<use xlink:href="#glyph-9-6" x="262.88367" y="167.989"/>
<use xlink:href="#glyph-9-12" x="266.983108" y="167.989"/>
</g>
<g fill="rgb(0%, 0%, 0%)" fill-opacity="1">
<use xlink:href="#glyph-9-13" x="270.818934" y="167.989"/>
</g>
<g fill="rgb(0%, 0%, 0%)" fill-opacity="1">
<use xlink:href="#glyph-9-15" x="275.68769" y="167.989"/>
<use xlink:href="#glyph-9-2" x="279.27156" y="167.989"/>
</g>
<g fill="rgb(0%, 0%, 0%)" fill-opacity="1">
<use xlink:href="#glyph-9-14" x="285.282634" y="167.989"/>
<use xlink:href="#glyph-9-16" x="288.887127" y="167.989"/>
<use xlink:href="#glyph-9-15" x="293.49496" y="167.989"/>
<use xlink:href="#glyph-9-8" x="297.07883" y="167.989"/>
<use xlink:href="#glyph-9-6" x="299.638737" y="167.989"/>
<use xlink:href="#glyph-9-14" x="303.738175" y="167.989"/>
<use xlink:href="#glyph-9-15" x="307.342668" y="167.989"/>
<use xlink:href="#glyph-9-6" x="310.926538" y="167.989"/>
</g>
<g fill="rgb(0%, 0%, 0%)" fill-opacity="1">
<use xlink:href="#glyph-9-17" x="31.564" y="179.944"/>
<use xlink:href="#glyph-9-13" x="38.219759" y="179.944"/>
<use xlink:href="#glyph-9-8" x="43.339573" y="179.944"/>
<use xlink:href="#glyph-9-18" x="45.89948" y="179.944"/>
<use xlink:href="#glyph-9-2" x="51.019295" y="179.944"/>
<use xlink:href="#glyph-9-6" x="54.654273" y="179.944"/>
<use xlink:href="#glyph-9-19" x="58.753711" y="179.944"/>
<use xlink:href="#glyph-9-4" x="63.617087" y="179.944"/>
<use xlink:href="#glyph-9-6" x="68.736901" y="179.944"/>
<use xlink:href="#glyph-9-7" x="72.836339" y="179.944"/>
<use xlink:href="#glyph-9-20" x="77.956154" y="179.944"/>
</g>
<g fill="rgb(0%, 0%, 0%)" fill-opacity="1">
<use xlink:href="#glyph-11-1" x="85.12748" y="179.944"/>
</g>
<g fill="rgb(0%, 0%, 0%)" fill-opacity="1">
<use xlink:href="#glyph-12-0" x="89.115" y="180.941"/>
</g>
<g fill="rgb(0%, 0%, 0%)" fill-opacity="1">
<use xlink:href="#glyph-9-11" x="95.351" y="179.944"/>
<use xlink:href="#glyph-9-6" x="100.470814" y="179.944"/>
<use xlink:href="#glyph-9-14" x="104.570252" y="179.944"/>
</g>
<g fill="rgb(0%, 0%, 0%)" fill-opacity="1">
<use xlink:href="#glyph-9-21" x="111.25022" y="179.944"/>
</g>
<g fill="rgb(0%, 0%, 0%)" fill-opacity="1">
<use xlink:href="#glyph-9-22" x="117.008" y="180.346"/>
</g>
<g fill="rgb(0%, 0%, 0%)" fill-opacity="1">
<use xlink:href="#glyph-9-1" x="117.008" y="179.944"/>
<use xlink:href="#glyph-9-7" x="121.615833" y="179.944"/>
<use xlink:href="#glyph-9-9" x="126.735647" y="179.944"/>
<use xlink:href="#glyph-9-6" x="131.34348" y="179.944"/>
</g>
<g fill="rgb(0%, 0%, 0%)" fill-opacity="1">
<use xlink:href="#glyph-9-23" x="138.518394" y="179.944"/>
<use xlink:href="#glyph-9-24" x="143.126227" y="179.944"/>
<use xlink:href="#glyph-9-25" x="147.73406" y="179.944"/>
</g>
<g fill="rgb(0%, 0%, 0%)" fill-opacity="1">
<use xlink:href="#glyph-9-26" x="153.369442" y="179.944"/>
</g>
<g fill="rgb(0%, 0%, 0%)" fill-opacity="1">
<use xlink:href="#glyph-9-6" x="159.508736" y="179.944"/>
<use xlink:href="#glyph-9-14" x="163.608174" y="179.944"/>
<use xlink:href="#glyph-9-27" x="167.212667" y="179.944"/>
<use xlink:href="#glyph-9-7" x="172.076042" y="179.944"/>
</g>
<g fill="rgb(0%, 0%, 0%)" fill-opacity="1">
<use xlink:href="#glyph-9-22" x="177.452" y="180.346"/>
</g>
<g fill="rgb(0%, 0%, 0%)" fill-opacity="1">
<use xlink:href="#glyph-9-4" x="177.196" y="179.944"/>
<use xlink:href="#glyph-9-18" x="182.315814" y="179.944"/>
<use xlink:href="#glyph-9-28" x="187.435629" y="179.944"/>
<use xlink:href="#glyph-9-15" x="190.251078" y="179.944"/>
</g>
<g fill="rgb(0%, 0%, 0%)" fill-opacity="1">
<use xlink:href="#glyph-9-29" x="196.910424" y="179.944"/>
</g>
<g fill="rgb(0%, 0%, 0%)" fill-opacity="1">
<use xlink:href="#glyph-9-6" x="203.306157" y="179.944"/>
<use xlink:href="#glyph-9-14" x="207.405595" y="179.944"/>
<use xlink:href="#glyph-9-11" x="211.010088" y="179.944"/>
<use xlink:href="#glyph-9-6" x="216.129902" y="179.944"/>
<use xlink:href="#glyph-9-7" x="220.22934" y="179.944"/>
</g>
<g fill="rgb(0%, 0%, 0%)" fill-opacity="1">
<use xlink:href="#glyph-9-1" x="228.42463" y="179.944"/>
<use xlink:href="#glyph-9-10" x="233.032463" y="179.944"/>
<use xlink:href="#glyph-9-2" x="235.59237" y="179.944"/>
<use xlink:href="#glyph-9-16" x="239.227348" y="179.944"/>
</g>
<g fill="rgb(0%, 0%, 0%)" fill-opacity="1">
<use xlink:href="#glyph-11-1" x="246.910657" y="179.944"/>
</g>
<g fill="rgb(0%, 0%, 0%)" fill-opacity="1">
<use xlink:href="#glyph-12-0" x="250.9" y="180.941"/>
</g>
<g fill="rgb(0%, 0%, 0%)" fill-opacity="1">
<use xlink:href="#glyph-9-30" x="254.062" y="179.944"/>
<use xlink:href="#glyph-9-24" x="256.621907" y="179.944"/>
<use xlink:href="#glyph-9-31" x="261.22974" y="179.944"/>
</g>
<g fill="rgb(0%, 0%, 0%)" fill-opacity="1">
<use xlink:href="#glyph-9-32" x="266.865123" y="179.944"/>
<use xlink:href="#glyph-9-8" x="271.984937" y="179.944"/>
<use xlink:href="#glyph-9-2" x="274.544844" y="179.944"/>
</g>
<g fill="rgb(0%, 0%, 0%)" fill-opacity="1">
<use xlink:href="#glyph-11-1" x="281.255298" y="179.944"/>
</g>
<g fill="rgb(0%, 0%, 0%)" fill-opacity="1">
<use xlink:href="#glyph-12-0" x="285.242" y="180.941"/>
</g>
<g fill="rgb(0%, 0%, 0%)" fill-opacity="1">
<use xlink:href="#glyph-9-30" x="288.404" y="179.944"/>
<use xlink:href="#glyph-9-33" x="290.963907" y="179.944"/>
<use xlink:href="#glyph-9-31" x="295.57174" y="179.944"/>
</g>
<g fill="rgb(0%, 0%, 0%)" fill-opacity="1">
<use xlink:href="#glyph-9-5" x="301.207123" y="179.944"/>
<use xlink:href="#glyph-9-8" x="308.886844" y="179.944"/>
<use xlink:href="#glyph-9-15" x="311.446751" y="179.944"/>
</g>
<g fill="rgb(0%, 0%, 0%)" fill-opacity="1">
<use xlink:href="#glyph-10-0" x="31.564" y="191.9"/>
</g>
<g fill="rgb(0%, 0%, 0%)" fill-opacity="1">
<use xlink:href="#glyph-9-30" x="37.808201" y="191.9"/>
<use xlink:href="#glyph-9-34" x="40.368108" y="191.9"/>
<use xlink:href="#glyph-9-31" x="44.975941" y="191.9"/>
</g>
<g fill="rgb(0%, 0%, 0%)" fill-opacity="1">
<use xlink:href="#glyph-9-32" x="50.611324" y="191.9"/>
<use xlink:href="#glyph-9-8" x="55.731138" y="191.9"/>
<use xlink:href="#glyph-9-2" x="58.291045" y="191.9"/>
</g>
<g fill="rgb(0%, 0%, 0%)" fill-opacity="1">
<use xlink:href="#glyph-10-0" x="64.992532" y="191.9"/>
</g>
<g fill="rgb(0%, 0%, 0%)" fill-opacity="1">
<use xlink:href="#glyph-9-30" x="71.2457" y="191.9"/>
<use xlink:href="#glyph-9-35" x="73.805607" y="191.9"/>
<use xlink:href="#glyph-9-31" x="78.41344" y="191.9"/>
</g>
<g fill="rgb(0%, 0%, 0%)" fill-opacity="1">
<use xlink:href="#glyph-9-4" x="84.039856" y="191.9"/>
<use xlink:href="#glyph-9-7" x="89.15967" y="191.9"/>
<use xlink:href="#glyph-9-11" x="94.279485" y="191.9"/>
</g>
<g fill="rgb(0%, 0%, 0%)" fill-opacity="1">
<use xlink:href="#glyph-11-1" x="102.474774" y="191.9"/>
</g>
<g fill="rgb(0%, 0%, 0%)" fill-opacity="1">
<use xlink:href="#glyph-12-0" x="106.461" y="192.896"/>
</g>
<g fill="rgb(0%, 0%, 0%)" fill-opacity="1">
<use xlink:href="#glyph-9-30" x="109.623" y="191.9"/>
<use xlink:href="#glyph-9-36" x="112.182907" y="191.9"/>
<use xlink:href="#glyph-9-31" x="116.79074" y="191.9"/>
</g>
<g fill="rgb(0%, 0%, 0%)" fill-opacity="1">
<use xlink:href="#glyph-9-32" x="122.426123" y="191.9"/>
<use xlink:href="#glyph-9-8" x="127.545937" y="191.9"/>
<use xlink:href="#glyph-9-2" x="130.105844" y="191.9"/>
</g>
<g fill="rgb(0%, 0%, 0%)" fill-opacity="1">
<use xlink:href="#glyph-11-1" x="136.807332" y="191.9"/>
</g>
<g fill="rgb(0%, 0%, 0%)" fill-opacity="1">
<use xlink:href="#glyph-12-0" x="140.798" y="192.896"/>
</g>
<g fill="rgb(0%, 0%, 0%)" fill-opacity="1">
<use xlink:href="#glyph-9-30" x="143.96" y="191.9"/>
<use xlink:href="#glyph-9-35" x="146.519907" y="191.9"/>
<use xlink:href="#glyph-9-31" x="151.12774" y="191.9"/>
</g>
<g fill="rgb(0%, 0%, 0%)" fill-opacity="1">
<use xlink:href="#glyph-9-5" x="156.763123" y="191.9"/>
</g>
<g fill="rgb(0%, 0%, 0%)" fill-opacity="1">
<use xlink:href="#glyph-9-8" x="164.433878" y="191.9"/>
<use xlink:href="#glyph-9-15" x="166.993785" y="191.9"/>
</g>
<g fill="rgb(0%, 0%, 0%)" fill-opacity="1">
<use xlink:href="#glyph-10-0" x="173.65313" y="191.9"/>
</g>
<g fill="rgb(0%, 0%, 0%)" fill-opacity="1">
<use xlink:href="#glyph-9-30" x="179.897331" y="191.9"/>
<use xlink:href="#glyph-9-24" x="182.457238" y="191.9"/>
<use xlink:href="#glyph-9-31" x="187.065071" y="191.9"/>
</g>
<g fill="rgb(0%, 0%, 0%)" fill-opacity="1">
<use xlink:href="#glyph-9-32" x="192.700454" y="191.9"/>
<use xlink:href="#glyph-9-8" x="197.820268" y="191.9"/>
<use xlink:href="#glyph-9-2" x="200.380175" y="191.9"/>
</g>
<g fill="rgb(0%, 0%, 0%)" fill-opacity="1">
<use xlink:href="#glyph-10-0" x="207.081663" y="191.9"/>
</g>
<g fill="rgb(0%, 0%, 0%)" fill-opacity="1">
<use xlink:href="#glyph-9-30" x="213.33483" y="191.9"/>
<use xlink:href="#glyph-9-34" x="215.894737" y="191.9"/>
<use xlink:href="#glyph-9-31" x="220.50257" y="191.9"/>
<use xlink:href="#glyph-9-25" x="223.062477" y="191.9"/>
</g>
</svg>
